0,9830.96,9830.96,0,5,0
0.4802,9830.48,9830.96,-0.098,4.99951,0.01
1.9208,9829.04,9830.96,-0.196,4.99804,0.02
4.3218,9826.64,9830.96,-0.294,4.99559,0.03
7.6832,9823.28,9830.96,-0.392,4.99216,0.04
12.005,9818.96,9830.96,-0.49,4.98775,0.05
17.2872,9813.67,9830.96,-0.588,4.98236,0.06
23.5298,9807.43,9830.96,-0.686,4.97599,0.07
30.7328,9800.23,9830.96,-0.784,4.96864,0.08
38.8962,9792.06,9830.96,-0.882,4.96031,0.09
48.02,9782.94,9830.96,-0.98,4.951,0.1
58.1042,9772.86,9830.96,-1.078,4.94071,0.11
69.1488,9761.81,9830.96,-1.176,4.92944,0.12
81.1538,9749.81,9830.96,-1.274,4.91719,0.13
94.1192,9736.84,9830.96,-1.372,4.90396,0.14
108.045,9722.92,9830.96,-1.47,4.88975,0.15
122.931,9708.03,9830.96,-1.568,4.87456,0.16
138.778,9692.18,9830.96,-1.666,4.85839,0.17
155.585,9675.38,9830.96,-1.764,4.84124,0.18
173.352,9657.61,9830.96,-1.862,4.82311,0.19
192.08,9638.88,9830.96,-1.96,4.804,0.2
211.768,9619.19,9830.96,-2.058,4.78391,0.21
232.417,9598.54,9830.96,-2.156,4.76284,0.22
254.026,9576.93,9830.96,-2.254,4.74079,0.23
276.595,9554.37,9830.96,-2.352,4.71776,0.24
300.125,9530.84,9830.96,-2.45,4.69375,0.25
324.615,9506.35,9830.96,-2.548,4.66876,0.26
350.066,9480.89,9830.96,-2.646,4.64279,0.27
376.477,9454.48,9830.96,-2.744,4.61584,0.28
403.848,9427.11,9830.96,-2.842,4.58791,0.29
432.18,9398.78,9830.96,-2.94,4.559,0.3
461.472,9369.49,9830.96,-3.038,4.52911,0.31
491.725,9339.24,9830.96,-3.136,4.49824,0.32
522.938,9308.02,9830.96,-3.234,4.46639,0.33
555.111,9275.85,9830.96,-3.332,4.43356,0.34
588.245,9242.72,9830.96,-3.43,4.39975,0.35
622.339,9208.62,9830.96,-3.528,4.36496,0.36
657.394,9173.57,9830.96,-3.626,4.32919,0.37
693.409,9137.55,9830.96,-3.724,4.29244,0.38
730.384,9100.58,9830.96,-3.822,4.25471,0.39
768.32,9062.64,9830.96,-3.92,4.216,0.4
807.216,9023.74,9830.96,-4.018,4.17631,0.41
847.073,8983.89,9830.96,-4.116,4.13564,0.42
887.89,8943.07,9830.96,-4.214,4.09399,0.43
929.667,8901.29,9830.96,-4.312,4.05136,0.44
972.405,8858.56,9830.96,-4.41,4.00775,0.45
1016.1,8814.86,9830.96,-4.508,3.96316,0.46
1060.76,8770.2,9830.96,-4.606,3.91759,0.47
1106.38,8724.58,9830.96,-4.704,3.87104,0.48
1152.96,8678,9830.96,-4.802,3.82351,0.49
1200.5,8630.46,9830.96,-4.9,3.775,0.5
1249,8581.96,9830.96,-4.998,3.72551,0.51
1298.46,8532.5,9830.96,-5.096,3.67504,0.52
1348.88,8482.08,9830.96,-5.194,3.62359,0.53
1400.26,8430.7,9830.96,-5.292,3.57116,0.54
1452.6,8378.36,9830.96,-5.39,3.51775,0.55
1505.91,8325.05,9830.96,-5.488,3.46336,0.56
1560.17,8270.79,9830.96,-5.586,3.40799,0.57
1615.39,8215.57,9830.96,-5.684,3.35164,0.58
1671.58,8159.38,9830.96,-5.782,3.29431,0.59
1728.72,8102.24,9830.96,-5.88,3.236,0.6
1786.82,8044.14,9830.96,-5.978,3.17671,0.61
1845.89,7985.07,9830.96,-6.076,3.11644,0.62
1905.91,7925.05,9830.96,-6.174,3.05519,0.63
1966.9,7864.06,9830.96,-6.272,2.99296,0.64
2028.84,7802.12,9830.96,-6.37,2.92975,0.65
2091.75,7739.21,9830.96,-6.468,2.86556,0.66
2155.62,7675.34,9830.96,-6.566,2.80039,0.67
2220.44,7610.52,9830.96,-6.664,2.73424,0.68
2286.23,7544.73,9830.96,-6.762,2.66711,0.69
2352.98,7477.98,9830.96,-6.86,2.599,0.7
2420.69,7410.27,9830.96,-6.958,2.52991,0.71
2489.36,7341.6,9830.96,-7.056,2.45984,0.72
2558.99,7271.97,9830.96,-7.154,2.38879,0.73
2629.58,7201.39,9830.96,-7.252,2.31676,0.74
2701.12,7129.84,9830.96,-7.35,2.24375,0.75
2773.64,7057.33,9830.96,-7.448,2.16976,0.76
2847.11,6983.85,9830.96,-7.546,2.09479,0.77
2921.54,6909.42,9830.96,-7.644,2.01884,0.78
2996.93,6834.03,9830.96,-7.742,1.94191,0.79
3073.28,6757.68,9830.96,-7.84,1.864,0.8
3150.59,6680.37,9830.96,-7.938,1.78511,0.81
3228.86,6602.1,9830.96,-8.036,1.70524,0.82
3308.1,6522.86,9830.96,-8.134,1.62439,0.83
3388.29,6442.67,9830.96,-8.232,1.54256,0.84
3469.44,6361.52,9830.96,-8.33,1.45975,0.85
3551.56,6279.4,9830.96,-8.428,1.37596,0.86
3634.63,6196.33,9830.96,-8.526,1.29119,0.87
3718.67,6112.29,9830.96,-8.624,1.20544,0.88
3803.66,6027.3,9830.96,-8.722,1.11871,0.89
3889.62,5941.34,9830.96,-8.82,1.031,0.9
3976.54,5854.42,9830.96,-8.918,0.94231,0.91
4064.41,5766.55,9830.96,-9.016,0.85264,0.92
4153.25,5677.71,9830.96,-9.114,0.76199,0.93
4243.05,5587.91,9830.96,-9.212,0.67036,0.94
4333.81,5497.16,9830.96,-9.31,0.57775,0.95
4425.52,5405.44,9830.96,-9.408,0.48416,0.96
4518.2,5312.76,9830.96,-9.506,0.38959,0.97
4611.84,5219.12,9830.96,-9.604,0.29404,0.98
4706.44,5124.52,9830.96,-9.702,0.19751,0.99
4802,5028.96,9830.96,-9.8,0.1,1
4898.52,4932.44,9830.96,-9.898,0.00151,1.01
4996,4834.96,9830.96,-9.996,-0.09796,1.02
5094.44,4736.52,9830.96,-10.094,-0.19841,1.03
5193.84,4637.12,9830.96,-10.192,-0.29984,1.04
5294.21,4536.76,9830.96,-10.29,-0.40225,1.05
5395.53,4435.43,9830.96,-10.388,-0.50564,1.06
5497.81,4333.15,9830.96,-10.486,-0.61001,1.07
5601.05,4229.91,9830.96,-10.584,-0.71536,1.08
5705.26,4125.7,9830.96,-10.682,-0.82169,1.09
5810.42,4020.54,9830.96,-10.78,-0.929,1.1
5916.54,3914.42,9830.96,-10.878,-1.03729,1.11
6023.63,3807.33,9830.96,-10.976,-1.14656,1.12
6131.67,3699.29,9830.96,-11.074,-1.25681,1.13
6240.68,3590.28,9830.96,-11.172,-1.36804,1.14
6350.65,3480.32,9830.96,-11.27,-1.48025,1.15
6461.57,3369.39,9830.96,-11.368,-1.59344,1.16
6573.46,3257.5,9830.96,-11.466,-1.70761,1.17
6686.3,3144.66,9830.96,-11.564,-1.82276,1.18
6800.11,3030.85,9830.96,-11.662,-1.93889,1.19
6914.88,2916.08,9830.96,-11.76,-2.056,1.2
7030.61,2800.35,9830.96,-11.858,-2.17409,1.21
7147.3,2683.66,9830.96,-11.956,-2.29316,1.22
7264.95,2566.01,9830.96,-12.054,-2.41321,1.23
7383.56,2447.41,9830.96,-12.152,-2.53424,1.24
7503.13,2327.84,9830.96,-12.25,-2.65625,1.25
7623.66,2207.31,9830.96,-12.348,-2.77924,1.26
7745.15,2085.81,9830.96,-12.446,-2.90321,1.27
7867.6,1963.36,9830.96,-12.544,-3.02816,1.28
0,1963.36,1963.36,0,-3.02816,1.29
7867.6,1963.36,9830.96,12.544,-3.02816,1.3
7745.15,2085.81,9830.96,12.446,-2.90321,1.31
7623.66,2207.31,9830.96,12.348,-2.77924,1.32
7503.13,2327.84,9830.96,12.25,-2.65625,1.33
7383.56,2447.41,9830.96,12.152,-2.53424,1.34
7264.95,2566.01,9830.96,12.054,-2.41321,1.35
7147.3,2683.66,9830.96,11.956,-2.29316,1.36
7030.61,2800.35,9830.96,11.858,-2.17409,1.37
6914.88,2916.08,9830.96,11.76,-2.056,1.38
6800.11,3030.85,9830.96,11.662,-1.93889,1.39
6686.3,3144.66,9830.96,11.564,-1.82276,1.4
6573.46,3257.5,9830.96,11.466,-1.70761,1.41
6461.57,3369.39,9830.96,11.368,-1.59344,1.42
6350.65,3480.32,9830.96,11.27,-1.48025,1.43
6240.68,3590.28,9830.96,11.172,-1.36804,1.44
6131.67,3699.29,9830.96,11.074,-1.25681,1.45
6023.63,3807.33,9830.96,10.976,-1.14656,1.46
5916.54,3914.42,9830.96,10.878,-1.03729,1.47
5810.42,4020.54,9830.96,10.78,-0.929,1.48
5705.26,4125.7,9830.96,10.682,-0.82169,1.49
5601.05,4229.91,9830.96,10.584,-0.71536,1.5
5497.81,4333.15,9830.96,10.486,-0.61001,1.51
5395.53,4435.43,9830.96,10.388,-0.50564,1.52
5294.21,4536.76,9830.96,10.29,-0.40225,1.53
5193.84,4637.12,9830.96,10.192,-0.29984,1.54
5094.44,4736.52,9830.96,10.094,-0.19841,1.55
4996,4834.96,9830.96,9.996,-0.09796,1.56
4898.52,4932.44,9830.96,9.898,0.00151,1.57
4802,5028.96,9830.96,9.8,0.1,1.58
4706.44,5124.52,9830.96,9.702,0.19751,1.59
4611.84,5219.12,9830.96,9.604,0.29404,1.6
4518.2,5312.76,9830.96,9.506,0.38959,1.61
