1.1135e-11,-6.67607e-08,-6.67495e-08,3.33692e-07,-4.99833,0
4.45699e-11,-6.68053e-08,-6.67607e-08,6.67607e-07,-4.99499,5000
1.00394e-10,-6.68724e-08,-6.6772e-08,1.00197e-06,-4.98998,10000
1.78757e-10,-6.69621e-08,-6.67833e-08,1.337e-06,-4.9833,15000
2.79871e-10,-6.70747e-08,-6.67948e-08,1.67293e-06,-4.97493,20000
4.04009e-10,-6.72104e-08,-6.68064e-08,2.01e-06,-4.96488,25000
5.5151e-10,-6.73698e-08,-6.68183e-08,2.34843e-06,-4.95314,30000
7.22782e-10,-6.75531e-08,-6.68303e-08,2.68846e-06,-4.9397,35000
9.18302e-10,-6.77609e-08,-6.68426e-08,3.03035e-06,-4.92455,40000
1.13862e-09,-6.79939e-08,-6.68553e-08,3.37435e-06,-4.90768,45000
1.38437e-09,-6.82526e-08,-6.68682e-08,3.72071e-06,-4.88907,50000
1.65626e-09,-6.85379e-08,-6.68816e-08,4.06972e-06,-4.86872,55000
1.9551e-09,-6.88505e-08,-6.68954e-08,4.42165e-06,-4.84662,60000
2.28178e-09,-6.91915e-08,-6.69097e-08,4.77679e-06,-4.82273,65000
2.6373e-09,-6.95619e-08,-6.69246e-08,5.13547e-06,-4.79705,70000
3.02279e-09,-6.99628e-08,-6.694e-08,5.49799e-06,-4.76956,75000
3.43948e-09,-7.03956e-08,-6.69561e-08,5.86471e-06,-4.74024,80000
3.88873e-09,-7.08617e-08,-6.6973e-08,6.23597e-06,-4.70906,85000
4.37208e-09,-7.13627e-08,-6.69906e-08,6.61217e-06,-4.676,90000
4.89119e-09,-7.19004e-08,-6.70092e-08,6.99371e-06,-4.64103,95000
5.44794e-09,-7.24767e-08,-6.70288e-08,7.38102e-06,-4.60413,100000
6.04437e-09,-7.30939e-08,-6.70495e-08,7.77456e-06,-4.56525,105000
6.68278e-09,-7.37542e-08,-6.70714e-08,8.17483e-06,-4.52438,110000
7.3657e-09,-7.44604e-08,-6.70947e-08,8.58237e-06,-4.48147,115000
8.09595e-09,-7.52155e-08,-6.71196e-08,8.99775e-06,-4.43648,120000
8.87664e-09,-7.60227e-08,-6.71461e-08,9.42159e-06,-4.38937,125000
9.71129e-09,-7.68858e-08,-6.71745e-08,9.85459e-06,-4.3401,130000
1.06038e-08,-7.78089e-08,-6.72051e-08,1.02975e-05,-4.28861,135000
1.15585e-08,-7.87965e-08,-6.7238e-08,1.0751e-05,-4.23486,140000
1.25803e-08,-7.9854e-08,-6.72737e-08,1.12162e-05,-4.17877,145000
1.36748e-08,-8.09872e-08,-6.73124e-08,1.16939e-05,-4.1203,150000
1.48483e-08,-8.22027e-08,-6.73545e-08,1.21853e-05,-4.05938,155000
1.61077e-08,-8.35082e-08,-6.74005e-08,1.26916e-05,-3.99592,160000
1.74611e-08,-8.49121e-08,-6.7451e-08,1.32141e-05,-3.92985,165000
1.89179e-08,-8.64246e-08,-6.75067e-08,1.37542e-05,-3.86108,170000
2.04885e-08,-8.80568e-08,-6.75682e-08,1.43138e-05,-3.78951,175000
2.21853e-08,-8.9822e-08,-6.76367e-08,1.48947e-05,-3.71504,180000
2.40225e-08,-9.17356e-08,-6.77131e-08,1.54992e-05,-3.63754,185000
2.60166e-08,-9.38156e-08,-6.7799e-08,1.61297e-05,-3.55689,190000
2.81873e-08,-9.60833e-08,-6.7896e-08,1.67891e-05,-3.47295,195000
3.05575e-08,-9.85638e-08,-6.80063e-08,1.74807e-05,-3.38554,200000
3.31551e-08,-1.01288e-07,-6.81325e-08,1.82085e-05,-3.2945,205000
3.60132e-08,-1.04291e-07,-6.82781e-08,1.89772e-05,-3.19961,210000
3.91724e-08,-1.0762e-07,-6.84474e-08,1.9792e-05,-3.10065,215000
4.26825e-08,-1.11329e-07,-6.86463e-08,2.06597e-05,-2.99736,220000
4.66055e-08,-1.15488e-07,-6.88823e-08,2.15883e-05,-2.88941,225000
5.10197e-08,-1.20185e-07,-6.91657e-08,2.25875e-05,-2.77648,230000
5.60255e-08,-1.25536e-07,-6.95109e-08,2.36697e-05,-2.65813,235000
6.17542e-08,-1.31692e-07,-6.99381e-08,2.48504e-05,-2.53388,240000
6.83808e-08,-1.38857e-07,-7.04766e-08,2.61497e-05,-2.40313,245000
7.61443e-08,-1.47315e-07,-7.11709e-08,2.75943e-05,-2.26516,250000
8.53817e-08,-1.57472e-07,-7.20904e-08,2.92201e-05,-2.11906,255000
9.6584e-08,-1.69933e-07,-7.33493e-08,3.1078e-05,-1.96367,260000
1.10499e-07,-1.85647e-07,-7.51473e-08,3.32414e-05,-1.79746,265000
1.28332e-07,-2.06194e-07,-7.78616e-08,3.58235e-05,-1.61834,270000
1.52168e-07,-2.3445e-07,-8.22816e-08,3.90088e-05,-1.4233,275000
1.85993e-07,-2.76312e-07,-9.03198e-08,4.31268e-05,-1.20766,280000
2.38601e-07,-3.46359e-07,-1.07758e-07,4.88468e-05,-0.963428,285000
3.34483e-07,-4.94904e-07,-1.60421e-07,5.78345e-05,-0.674256,290000
5.80408e-07,-1.13759e-06,-5.57178e-07,7.61845e-05,-0.293333,295000
5.80408e-07,-4.94904e-07,8.55038e-08,-7.61845e-05,-0.674256,300000
3.34483e-07,-3.46359e-07,-1.1876e-08,-5.78345e-05,-0.963428,305000
2.38601e-07,-2.76312e-07,-3.7711e-08,-4.88468e-05,-1.20766,310000
1.85993e-07,-2.3445e-07,-4.84575e-08,-4.31268e-05,-1.4233,315000
1.52168e-07,-2.06194e-07,-5.40255e-08,-3.90088e-05,-1.61834,320000
1.28332e-07,-1.85647e-07,-5.73143e-08,-3.58235e-05,-1.79746,325000
1.10499e-07,-1.69933e-07,-5.9434e-08,-3.32414e-05,-1.96367,330000
9.6584e-08,-1.57472e-07,-6.08881e-08,-3.1078e-05,-2.11906,335000
8.53817e-08,-1.47315e-07,-6.19335e-08,-2.92201e-05,-2.26516,340000
7.61443e-08,-1.38857e-07,-6.27131e-08,-2.75943e-05,-2.40313,345000
6.83808e-08,-1.31692e-07,-6.33116e-08,-2.61497e-05,-2.53388,350000
6.17542e-08,-1.25536e-07,-6.37822e-08,-2.48504e-05,-2.65813,355000
5.60255e-08,-1.20185e-07,-6.41599e-08,-2.36697e-05,-2.77648,360000
5.10197e-08,-1.15488e-07,-6.44681e-08,-2.25875e-05,-2.88941,365000
4.66055e-08,-1.11329e-07,-6.47233e-08,-2.15883e-05,-2.99736,370000
4.26825e-08,-1.0762e-07,-6.49374e-08,-2.06597e-05,-3.10065,375000
3.91724e-08,-1.04291e-07,-6.51189e-08,-1.9792e-05,-3.19961,380000
3.60132e-08,-1.01288e-07,-6.52744e-08,-1.89772e-05,-3.2945,385000
3.31551e-08,-9.85638e-08,-6.54087e-08,-1.82085e-05,-3.38554,390000
3.05575e-08,-9.60833e-08,-6.55257e-08,-1.74807e-05,-3.47295,395000
2.81873e-08,-9.38156e-08,-6.56284e-08,-1.67891e-05,-3.55689,400000
2.60166e-08,-9.17356e-08,-6.5719e-08,-1.61297e-05,-3.63754,405000
2.40225e-08,-8.9822e-08,-6.57995e-08,-1.54992e-05,-3.71504,410000
2.21853e-08,-8.80568e-08,-6.58715e-08,-1.48947e-05,-3.78951,415000
2.04885e-08,-8.64246e-08,-6.5936e-08,-1.43138e-05,-3.86108,420000
1.89179e-08,-8.49121e-08,-6.59943e-08,-1.37542e-05,-3.92985,425000
1.74611e-08,-8.35082e-08,-6.60471e-08,-1.32141e-05,-3.99592,430000
1.61077e-08,-8.22027e-08,-6.60951e-08,-1.26916e-05,-4.05938,435000
1.48483e-08,-8.09872e-08,-6.6139e-08,-1.21853e-05,-4.1203,440000
1.36748e-08,-7.9854e-08,-6.61792e-08,-1.16939e-05,-4.17877,445000
1.25803e-08,-7.87965e-08,-6.62162e-08,-1.12162e-05,-4.23486,450000
1.15585e-08,-7.78089e-08,-6.62504e-08,-1.0751e-05,-4.28861,455000
1.06038e-08,-7.68858e-08,-6.6282e-08,-1.02975e-05,-4.3401,460000
9.71129e-09,-7.60227e-08,-6.63114e-08,-9.85459e-06,-4.38937,465000
8.87664e-09,-7.52155e-08,-6.63389e-08,-9.42159e-06,-4.43648,470000
8.09595e-09,-7.44604e-08,-6.63645e-08,-8.99775e-06,-4.48147,475000
7.3657e-09,-7.37542e-08,-6.63885e-08,-8.58237e-06,-4.52438,480000
6.68278e-09,-7.30939e-08,-6.64111e-08,-8.17483e-06,-4.56525,485000
6.04437e-09,-7.24767e-08,-6.64323e-08,-7.77456e-06,-4.60413,490000
5.44794e-09,-7.19004e-08,-6.64525e-08,-7.38102e-06,-4.64103,495000
4.89119e-09,-7.13627e-08,-6.64715e-08,-6.99371e-06,-4.676,500000
4.37208e-09,-7.08617e-08,-6.64896e-08,-6.61217e-06,-4.70906,505000
3.88873e-09,-7.03956e-08,-6.65068e-08,-6.23597e-06,-4.74024,510000
3.43948e-09,-6.99628e-08,-6.65233e-08,-5.86471e-06,-4.76956,515000
3.02279e-09,-6.95619e-08,-6.65391e-08,-5.49799e-06,-4.79705,520000
2.6373e-09,-6.91915e-08,-6.65542e-08,-5.13547e-06,-4.82273,525000
2.28178e-09,-6.88505e-08,-6.65687e-08,-4.77679e-06,-4.84662,530000
1.9551e-09,-6.85379e-08,-6.65828e-08,-4.42165e-06,-4.86872,535000
1.65626e-09,-6.82526e-08,-6.65964e-08,-4.06972e-06,-4.88907,540000
1.38437e-09,-6.79939e-08,-6.66095e-08,-3.72071e-06,-4.90768,545000
1.13862e-09,-6.77609e-08,-6.66223e-08,-3.37435e-06,-4.92455,550000
9.18302e-10,-6.75531e-08,-6.66348e-08,-3.03035e-06,-4.9397,555000
7.22782e-10,-6.73698e-08,-6.6647e-08,-2.68846e-06,-4.95314,560000
5.5151e-10,-6.72104e-08,-6.66589e-08,-2.34843e-06,-4.96488,565000
4.04009e-10,-6.70747e-08,-6.66707e-08,-2.01e-06,-4.97493,570000
2.79871e-10,-6.69621e-08,-6.66822e-08,-1.67293e-06,-4.9833,575000
1.78757e-10,-6.68724e-08,-6.66936e-08,-1.337e-06,-4.98998,580000
1.00394e-10,-6.68053e-08,-6.67049e-08,-1.00197e-06,-4.99499,585000
4.45699e-11,-6.67607e-08,-6.67161e-08,-6.67607e-07,-4.99833,590000
1.1135e-11,-6.67384e-08,-6.67273e-08,-3.33692e-07,-5,595000
7.63663e-38,-6.67384e-08,-6.67384e-08,2.76344e-20,-5,600000
1.1135e-11,-6.67607e-08,-6.67495e-08,3.33692e-07,-4.99833,605000
4.45699e-11,-6.68053e-08,-6.67607e-08,6.67607e-07,-4.99499,610000
1.00394e-10,-6.68724e-08,-6.6772e-08,1.00197e-06,-4.98998,615000
1.78757e-10,-6.69621e-08,-6.67833e-08,1.337e-06,-4.9833,620000
2.79871e-10,-6.70747e-08,-6.67948e-08,1.67293e-06,-4.97493,625000
4.04009e-10,-6.72104e-08,-6.68064e-08,2.01e-06,-4.96488,630000
5.5151e-10,-6.73698e-08,-6.68183e-08,2.34843e-06,-4.95314,635000
7.22782e-10,-6.75531e-08,-6.68303e-08,2.68846e-06,-4.9397,640000
9.18302e-10,-6.77609e-08,-6.68426e-08,3.03035e-06,-4.92455,645000
1.13862e-09,-6.79939e-08,-6.68553e-08,3.37435e-06,-4.90768,650000
1.38437e-09,-6.82526e-08,-6.68682e-08,3.72071e-06,-4.88907,655000
1.65626e-09,-6.85379e-08,-6.68816e-08,4.06972e-06,-4.86872,660000
1.9551e-09,-6.88505e-08,-6.68954e-08,4.42165e-06,-4.84662,665000
2.28178e-09,-6.91915e-08,-6.69097e-08,4.77679e-06,-4.82273,670000
2.6373e-09,-6.95619e-08,-6.69246e-08,5.13547e-06,-4.79705,675000
3.02279e-09,-6.99628e-08,-6.694e-08,5.49799e-06,-4.76956,680000
3.43948e-09,-7.03956e-08,-6.69561e-08,5.86471e-06,-4.74024,685000
3.88873e-09,-7.08617e-08,-6.6973e-08,6.23597e-06,-4.70906,690000
4.37208e-09,-7.13627e-08,-6.69906e-08,6.61217e-06,-4.676,695000
4.89119e-09,-7.19004e-08,-6.70092e-08,6.99371e-06,-4.64103,700000
5.44794e-09,-7.24767e-08,-6.70288e-08,7.38102e-06,-4.60413,705000
6.04437e-09,-7.30939e-08,-6.70495e-08,7.77456e-06,-4.56525,710000
6.68278e-09,-7.37542e-08,-6.70714e-08,8.17483e-06,-4.52438,715000
7.3657e-09,-7.44604e-08,-6.70947e-08,8.58237e-06,-4.48147,720000
8.09595e-09,-7.52155e-08,-6.71196e-08,8.99775e-06,-4.43648,725000
8.87664e-09,-7.60227e-08,-6.71461e-08,9.42159e-06,-4.38937,730000
9.71129e-09,-7.68858e-08,-6.71745e-08,9.85459e-06,-4.3401,735000
1.06038e-08,-7.78089e-08,-6.72051e-08,1.02975e-05,-4.28861,740000
1.15585e-08,-7.87965e-08,-6.7238e-08,1.0751e-05,-4.23486,745000
1.25803e-08,-7.9854e-08,-6.72737e-08,1.12162e-05,-4.17877,750000
1.36748e-08,-8.09872e-08,-6.73124e-08,1.16939e-05,-4.1203,755000
1.48483e-08,-8.22027e-08,-6.73545e-08,1.21853e-05,-4.05938,760000
1.61077e-08,-8.35082e-08,-6.74005e-08,1.26916e-05,-3.99592,765000
1.74611e-08,-8.49121e-08,-6.7451e-08,1.32141e-05,-3.92985,770000
1.89179e-08,-8.64246e-08,-6.75067e-08,1.37542e-05,-3.86108,775000
2.04885e-08,-8.80568e-08,-6.75682e-08,1.43138e-05,-3.78951,780000
2.21853e-08,-8.9822e-08,-6.76367e-08,1.48947e-05,-3.71504,785000
2.40225e-08,-9.17356e-08,-6.77131e-08,1.54992e-05,-3.63754,790000
2.60166e-08,-9.38156e-08,-6.7799e-08,1.61297e-05,-3.55689,795000
2.81873e-08,-9.60833e-08,-6.7896e-08,1.67891e-05,-3.47295,800000
3.05575e-08,-9.85638e-08,-6.80063e-08,1.74807e-05,-3.38554,805000
3.31551e-08,-1.01288e-07,-6.81325e-08,1.82085e-05,-3.2945,810000
3.60132e-08,-1.04291e-07,-6.82781e-08,1.89772e-05,-3.19961,815000
3.91724e-08,-1.0762e-07,-6.84474e-08,1.9792e-05,-3.10065,820000
4.26825e-08,-1.11329e-07,-6.86463e-08,2.06597e-05,-2.99736,825000
4.66055e-08,-1.15488e-07,-6.88823e-08,2.15883e-05,-2.88941,830000
5.10197e-08,-1.20185e-07,-6.91657e-08,2.25875e-05,-2.77648,835000
5.60255e-08,-1.25536e-07,-6.95109e-08,2.36697e-05,-2.65813,840000
6.17542e-08,-1.31692e-07,-6.99381e-08,2.48504e-05,-2.53388,845000
6.83808e-08,-1.38857e-07,-7.04766e-08,2.61497e-05,-2.40313,850000
7.61443e-08,-1.47315e-07,-7.11709e-08,2.75943e-05,-2.26516,855000
8.53817e-08,-1.57472e-07,-7.20904e-08,2.92201e-05,-2.11906,860000
9.6584e-08,-1.69933e-07,-7.33493e-08,3.1078e-05,-1.96367,865000
1.10499e-07,-1.85647e-07,-7.51473e-08,3.32414e-05,-1.79746,870000
1.28332e-07,-2.06194e-07,-7.78616e-08,3.58235e-05,-1.61834,875000
1.52168e-07,-2.3445e-07,-8.22816e-08,3.90088e-05,-1.4233,880000
1.85993e-07,-2.76312e-07,-9.03198e-08,4.31268e-05,-1.20766,885000
2.38601e-07,-3.46359e-07,-1.07758e-07,4.88468e-05,-0.963428,890000
3.34483e-07,-4.94904e-07,-1.60421e-07,5.78345e-05,-0.674256,895000
5.80408e-07,-1.13759e-06,-5.57178e-07,7.61845e-05,-0.293333,900000
5.80408e-07,-4.94904e-07,8.55038e-08,-7.61845e-05,-0.674256,905000
3.34483e-07,-3.46359e-07,-1.1876e-08,-5.78345e-05,-0.963428,910000
2.38601e-07,-2.76312e-07,-3.7711e-08,-4.88468e-05,-1.20766,915000
1.85993e-07,-2.3445e-07,-4.84575e-08,-4.31268e-05,-1.4233,920000
1.52168e-07,-2.06194e-07,-5.40255e-08,-3.90088e-05,-1.61834,925000
1.28332e-07,-1.85647e-07,-5.73143e-08,-3.58235e-05,-1.79746,930000
1.10499e-07,-1.69933e-07,-5.9434e-08,-3.32414e-05,-1.96367,935000
9.6584e-08,-1.57472e-07,-6.08881e-08,-3.1078e-05,-2.11906,940000
8.53817e-08,-1.47315e-07,-6.19335e-08,-2.92201e-05,-2.26516,945000
7.61443e-08,-1.38857e-07,-6.27131e-08,-2.75943e-05,-2.40313,950000
6.83808e-08,-1.31692e-07,-6.33116e-08,-2.61497e-05,-2.53388,955000
6.17542e-08,-1.25536e-07,-6.37822e-08,-2.48504e-05,-2.65813,960000
5.60255e-08,-1.20185e-07,-6.41599e-08,-2.36697e-05,-2.77648,965000
5.10197e-08,-1.15488e-07,-6.44681e-08,-2.25875e-05,-2.88941,970000
4.66055e-08,-1.11329e-07,-6.47233e-08,-2.15883e-05,-2.99736,975000
4.26825e-08,-1.0762e-07,-6.49374e-08,-2.06597e-05,-3.10065,980000
3.91724e-08,-1.04291e-07,-6.51189e-08,-1.9792e-05,-3.19961,985000
3.60132e-08,-1.01288e-07,-6.52744e-08,-1.89772e-05,-3.2945,990000
3.31551e-08,-9.85638e-08,-6.54087e-08,-1.82085e-05,-3.38554,995000
3.05575e-08,-9.60833e-08,-6.55257e-08,-1.74807e-05,-3.47295,1e+06
2.81873e-08,-9.38156e-08,-6.56284e-08,-1.67891e-05,-3.55689,1.005e+06
2.60166e-08,-9.17356e-08,-6.5719e-08,-1.61297e-05,-3.63754,1.01e+06
2.40225e-08,-8.9822e-08,-6.57995e-08,-1.54992e-05,-3.71504,1.015e+06
2.21853e-08,-8.80568e-08,-6.58715e-08,-1.48947e-05,-3.78951,1.02e+06
2.04885e-08,-8.64246e-08,-6.5936e-08,-1.43138e-05,-3.86108,1.025e+06
1.89179e-08,-8.49121e-08,-6.59943e-08,-1.37542e-05,-3.92985,1.03e+06
1.74611e-08,-8.35082e-08,-6.60471e-08,-1.32141e-05,-3.99592,1.035e+06
1.61077e-08,-8.22027e-08,-6.60951e-08,-1.26916e-05,-4.05938,1.04e+06
1.48483e-08,-8.09872e-08,-6.6139e-08,-1.21853e-05,-4.1203,1.045e+06
1.36748e-08,-7.9854e-08,-6.61792e-08,-1.16939e-05,-4.17877,1.05e+06
1.25803e-08,-7.87965e-08,-6.62162e-08,-1.12162e-05,-4.23486,1.055e+06
1.15585e-08,-7.78089e-08,-6.62504e-08,-1.0751e-05,-4.28861,1.06e+06
1.06038e-08,-7.68858e-08,-6.6282e-08,-1.02975e-05,-4.3401,1.065e+06
9.71129e-09,-7.60227e-08,-6.63114e-08,-9.85459e-06,-4.38937,1.07e+06
8.87664e-09,-7.52155e-08,-6.63389e-08,-9.42159e-06,-4.43648,1.075e+06
8.09595e-09,-7.44604e-08,-6.63645e-08,-8.99775e-06,-4.48147,1.08e+06
7.3657e-09,-7.37542e-08,-6.63885e-08,-8.58237e-06,-4.52438,1.085e+06
6.68278e-09,-7.30939e-08,-6.64111e-08,-8.17483e-06,-4.56525,1.09e+06
6.04437e-09,-7.24767e-08,-6.64323e-08,-7.77456e-06,-4.60413,1.095e+06
5.44794e-09,-7.19004e-08,-6.64525e-08,-7.38102e-06,-4.64103,1.1e+06
4.89119e-09,-7.13627e-08,-6.64715e-08,-6.99371e-06,-4.676,1.105e+06
4.37208e-09,-7.08617e-08,-6.64896e-08,-6.61217e-06,-4.70906,1.11e+06
3.88873e-09,-7.03956e-08,-6.65068e-08,-6.23597e-06,-4.74024,1.115e+06
3.43948e-09,-6.99628e-08,-6.65233e-08,-5.86471e-06,-4.76956,1.12e+06
3.02279e-09,-6.95619e-08,-6.65391e-08,-5.49799e-06,-4.79705,1.125e+06
2.6373e-09,-6.91915e-08,-6.65542e-08,-5.13547e-06,-4.82273,1.13e+06
2.28178e-09,-6.88505e-08,-6.65687e-08,-4.77679e-06,-4.84662,1.135e+06
1.9551e-09,-6.85379e-08,-6.65828e-08,-4.42165e-06,-4.86872,1.14e+06
1.65626e-09,-6.82526e-08,-6.65964e-08,-4.06972e-06,-4.88907,1.145e+06
1.38437e-09,-6.79939e-08,-6.66095e-08,-3.72071e-06,-4.90768,1.15e+06
1.13862e-09,-6.77609e-08,-6.66223e-08,-3.37435e-06,-4.92455,1.155e+06
9.18302e-10,-6.75531e-08,-6.66348e-08,-3.03035e-06,-4.9397,1.16e+06
7.22782e-10,-6.73698e-08,-6.6647e-08,-2.68846e-06,-4.95314,1.165e+06
5.5151e-10,-6.72104e-08,-6.66589e-08,-2.34843e-06,-4.96488,1.17e+06
4.04009e-10,-6.70747e-08,-6.66707e-08,-2.01e-06,-4.97493,1.175e+06
2.79871e-10,-6.69621e-08,-6.66822e-08,-1.67293e-06,-4.9833,1.18e+06
1.78757e-10,-6.68724e-08,-6.66936e-08,-1.337e-06,-4.98998,1.185e+06
1.00394e-10,-6.68053e-08,-6.67049e-08,-1.00197e-06,-4.99499,1.19e+06
4.45699e-11,-6.67607e-08,-6.67161e-08,-6.67607e-07,-4.99833,1.195e+06
1.1135e-11,-6.67384e-08,-6.67273e-08,-3.33692e-07,-5,1.2e+06
7.261e-36,-6.67384e-08,-6.67384e-08,-2.69462e-19,-5,1.205e+06
1.1135e-11,-6.67607e-08,-6.67495e-08,3.33692e-07,-4.99833,1.21e+06
4.45699e-11,-6.68053e-08,-6.67607e-08,6.67607e-07,-4.99499,1.215e+06
1.00394e-10,-6.68724e-08,-6.6772e-08,1.00197e-06,-4.98998,1.22e+06
1.78757e-10,-6.69621e-08,-6.67833e-08,1.337e-06,-4.9833,1.225e+06
2.79871e-10,-6.70747e-08,-6.67948e-08,1.67293e-06,-4.97493,1.23e+06
4.04009e-10,-6.72104e-08,-6.68064e-08,2.01e-06,-4.96488,1.235e+06
5.5151e-10,-6.73698e-08,-6.68183e-08,2.34843e-06,-4.95314,1.24e+06
7.22782e-10,-6.75531e-08,-6.68303e-08,2.68846e-06,-4.9397,1.245e+06
9.18302e-10,-6.77609e-08,-6.68426e-08,3.03035e-06,-4.92455,1.25e+06
1.13862e-09,-6.79939e-08,-6.68553e-08,3.37435e-06,-4.90768,1.255e+06
1.38437e-09,-6.82526e-08,-6.68682e-08,3.72071e-06,-4.88907,1.26e+06
1.65626e-09,-6.85379e-08,-6.68816e-08,4.06972e-06,-4.86872,1.265e+06
1.9551e-09,-6.88505e-08,-6.68954e-08,4.42165e-06,-4.84662,1.27e+06
2.28178e-09,-6.91915e-08,-6.69097e-08,4.77679e-06,-4.82273,1.275e+06
2.6373e-09,-6.95619e-08,-6.69246e-08,5.13547e-06,-4.79705,1.28e+06
3.02279e-09,-6.99628e-08,-6.694e-08,5.49799e-06,-4.76956,1.285e+06
3.43948e-09,-7.03956e-08,-6.69561e-08,5.86471e-06,-4.74024,1.29e+06
3.88873e-09,-7.08617e-08,-6.6973e-08,6.23597e-06,-4.70906,1.295e+06
4.37208e-09,-7.13627e-08,-6.69906e-08,6.61217e-06,-4.676,1.3e+06
4.89119e-09,-7.19004e-08,-6.70092e-08,6.99371e-06,-4.64103,1.305e+06
5.44794e-09,-7.24767e-08,-6.70288e-08,7.38102e-06,-4.60413,1.31e+06
6.04437e-09,-7.30939e-08,-6.70495e-08,7.77456e-06,-4.56525,1.315e+06
6.68278e-09,-7.37542e-08,-6.70714e-08,8.17483e-06,-4.52438,1.32e+06
7.3657e-09,-7.44604e-08,-6.70947e-08,8.58237e-06,-4.48147,1.325e+06
8.09595e-09,-7.52155e-08,-6.71196e-08,8.99775e-06,-4.43648,1.33e+06
8.87664e-09,-7.60227e-08,-6.71461e-08,9.42159e-06,-4.38937,1.335e+06
9.71129e-09,-7.68858e-08,-6.71745e-08,9.85459e-06,-4.3401,1.34e+06
1.06038e-08,-7.78089e-08,-6.72051e-08,1.02975e-05,-4.28861,1.345e+06
1.15585e-08,-7.87965e-08,-6.7238e-08,1.0751e-05,-4.23486,1.35e+06
1.25803e-08,-7.9854e-08,-6.72737e-08,1.12162e-05,-4.17877,1.355e+06
1.36748e-08,-8.09872e-08,-6.73124e-08,1.16939e-05,-4.1203,1.36e+06
1.48483e-08,-8.22027e-08,-6.73545e-08,1.21853e-05,-4.05938,1.365e+06
1.61077e-08,-8.35082e-08,-6.74005e-08,1.26916e-05,-3.99592,1.37e+06
1.74611e-08,-8.49121e-08,-6.7451e-08,1.32141e-05,-3.92985,1.375e+06
1.89179e-08,-8.64246e-08,-6.75067e-08,1.37542e-05,-3.86108,1.38e+06
2.04885e-08,-8.80568e-08,-6.75682e-08,1.43138e-05,-3.78951,1.385e+06
2.21853e-08,-8.9822e-08,-6.76367e-08,1.48947e-05,-3.71504,1.39e+06
2.40225e-08,-9.17356e-08,-6.77131e-08,1.54992e-05,-3.63754,1.395e+06
2.60166e-08,-9.38156e-08,-6.7799e-08,1.61297e-05,-3.55689,1.4e+06
2.81873e-08,-9.60833e-08,-6.7896e-08,1.67891e-05,-3.47295,1.405e+06
3.05575e-08,-9.85638e-08,-6.80063e-08,1.74807e-05,-3.38554,1.41e+06
3.31551e-08,-1.01288e-07,-6.81325e-08,1.82085e-05,-3.2945,1.415e+06
3.60132e-08,-1.04291e-07,-6.82781e-08,1.89772e-05,-3.19961,1.42e+06
3.91724e-08,-1.0762e-07,-6.84474e-08,1.9792e-05,-3.10065,1.425e+06
4.26825e-08,-1.11329e-07,-6.86463e-08,2.06597e-05,-2.99736,1.43e+06
4.66055e-08,-1.15488e-07,-6.88823e-08,2.15883e-05,-2.88941,1.435e+06
5.10197e-08,-1.20185e-07,-6.91657e-08,2.25875e-05,-2.77648,1.44e+06
5.60255e-08,-1.25536e-07,-6.95109e-08,2.36697e-05,-2.65813,1.445e+06
6.17542e-08,-1.31692e-07,-6.99381e-08,2.48504e-05,-2.53388,1.45e+06
6.83808e-08,-1.38857e-07,-7.04766e-08,2.61497e-05,-2.40313,1.455e+06
7.61443e-08,-1.47315e-07,-7.11709e-08,2.75943e-05,-2.26516,1.46e+06
8.53817e-08,-1.57472e-07,-7.20904e-08,2.92201e-05,-2.11906,1.465e+06
9.6584e-08,-1.69933e-07,-7.33493e-08,3.1078e-05,-1.96367,1.47e+06
1.10499e-07,-1.85647e-07,-7.51473e-08,3.32414e-05,-1.79746,1.475e+06
1.28332e-07,-2.06194e-07,-7.78616e-08,3.58235e-05,-1.61834,1.48e+06
1.52168e-07,-2.3445e-07,-8.22816e-08,3.90088e-05,-1.4233,1.485e+06
1.85993e-07,-2.76312e-07,-9.03198e-08,4.31268e-05,-1.20766,1.49e+06
2.38601e-07,-3.46359e-07,-1.07758e-07,4.88468e-05,-0.963428,1.495e+06
3.34483e-07,-4.94904e-07,-1.60421e-07,5.78345e-05,-0.674256,1.5e+06
5.80408e-07,-1.13759e-06,-5.57178e-07,7.61845e-05,-0.293333,1.505e+06
5.80408e-07,-4.94904e-07,8.55038e-08,-7.61845e-05,-0.674256,1.51e+06
3.34483e-07,-3.46359e-07,-1.1876e-08,-5.78345e-05,-0.963428,1.515e+06
2.38601e-07,-2.76312e-07,-3.7711e-08,-4.88468e-05,-1.20766,1.52e+06
1.85993e-07,-2.3445e-07,-4.84575e-08,-4.31268e-05,-1.4233,1.525e+06
1.52168e-07,-2.06194e-07,-5.40255e-08,-3.90088e-05,-1.61834,1.53e+06
1.28332e-07,-1.85647e-07,-5.73143e-08,-3.58235e-05,-1.79746,1.535e+06
1.10499e-07,-1.69933e-07,-5.9434e-08,-3.32414e-05,-1.96367,1.54e+06
9.6584e-08,-1.57472e-07,-6.08881e-08,-3.1078e-05,-2.11906,1.545e+06
8.53817e-08,-1.47315e-07,-6.19335e-08,-2.92201e-05,-2.26516,1.55e+06
7.61443e-08,-1.38857e-07,-6.27131e-08,-2.75943e-05,-2.40313,1.555e+06
6.83808e-08,-1.31692e-07,-6.33116e-08,-2.61497e-05,-2.53388,1.56e+06
6.17542e-08,-1.25536e-07,-6.37822e-08,-2.48504e-05,-2.65813,1.565e+06
5.60255e-08,-1.20185e-07,-6.41599e-08,-2.36697e-05,-2.77648,1.57e+06
5.10197e-08,-1.15488e-07,-6.44681e-08,-2.25875e-05,-2.88941,1.575e+06
4.66055e-08,-1.11329e-07,-6.47233e-08,-2.15883e-05,-2.99736,1.58e+06
4.26825e-08,-1.0762e-07,-6.49374e-08,-2.06597e-05,-3.10065,1.585e+06
3.91724e-08,-1.04291e-07,-6.51189e-08,-1.9792e-05,-3.19961,1.59e+06
3.60132e-08,-1.01288e-07,-6.52744e-08,-1.89772e-05,-3.2945,1.595e+06
3.31551e-08,-9.85638e-08,-6.54087e-08,-1.82085e-05,-3.38554,1.6e+06
3.05575e-08,-9.60833e-08,-6.55257e-08,-1.74807e-05,-3.47295,1.605e+06
2.81873e-08,-9.38156e-08,-6.56284e-08,-1.67891e-05,-3.55689,1.61e+06
2.60166e-08,-9.17356e-08,-6.5719e-08,-1.61297e-05,-3.63754,1.615e+06
2.40225e-08,-8.9822e-08,-6.57995e-08,-1.54992e-05,-3.71504,1.62e+06
2.21853e-08,-8.80568e-08,-6.58715e-08,-1.48947e-05,-3.78951,1.625e+06
2.04885e-08,-8.64246e-08,-6.5936e-08,-1.43138e-05,-3.86108,1.63e+06
1.89179e-08,-8.49121e-08,-6.59943e-08,-1.37542e-05,-3.92985,1.635e+06
1.74611e-08,-8.35082e-08,-6.60471e-08,-1.32141e-05,-3.99592,1.64e+06
1.61077e-08,-8.22027e-08,-6.60951e-08,-1.26916e-05,-4.05938,1.645e+06
1.48483e-08,-8.09872e-08,-6.6139e-08,-1.21853e-05,-4.1203,1.65e+06
1.36748e-08,-7.9854e-08,-6.61792e-08,-1.16939e-05,-4.17877,1.655e+06
1.25803e-08,-7.87965e-08,-6.62162e-08,-1.12162e-05,-4.23486,1.66e+06
1.15585e-08,-7.78089e-08,-6.62504e-08,-1.0751e-05,-4.28861,1.665e+06
1.06038e-08,-7.68858e-08,-6.6282e-08,-1.02975e-05,-4.3401,1.67e+06
9.71129e-09,-7.60227e-08,-6.63114e-08,-9.85459e-06,-4.38937,1.675e+06
8.87664e-09,-7.52155e-08,-6.63389e-08,-9.42159e-06,-4.43648,1.68e+06
8.09595e-09,-7.44604e-08,-6.63645e-08,-8.99775e-06,-4.48147,1.685e+06
7.3657e-09,-7.37542e-08,-6.63885e-08,-8.58237e-06,-4.52438,1.69e+06
6.68278e-09,-7.30939e-08,-6.64111e-08,-8.17483e-06,-4.56525,1.695e+06
6.04437e-09,-7.24767e-08,-6.64323e-08,-7.77456e-06,-4.60413,1.7e+06
5.44794e-09,-7.19004e-08,-6.64525e-08,-7.38102e-06,-4.64103,1.705e+06
4.89119e-09,-7.13627e-08,-6.64715e-08,-6.99371e-06,-4.676,1.71e+06
4.37208e-09,-7.08617e-08,-6.64896e-08,-6.61217e-06,-4.70906,1.715e+06
3.88873e-09,-7.03956e-08,-6.65068e-08,-6.23597e-06,-4.74024,1.72e+06
3.43948e-09,-6.99628e-08,-6.65233e-08,-5.86471e-06,-4.76956,1.725e+06
3.02279e-09,-6.95619e-08,-6.65391e-08,-5.49799e-06,-4.79705,1.73e+06
2.6373e-09,-6.91915e-08,-6.65542e-08,-5.13547e-06,-4.82273,1.735e+06
2.28178e-09,-6.88505e-08,-6.65687e-08,-4.77679e-06,-4.84662,1.74e+06
1.9551e-09,-6.85379e-08,-6.65828e-08,-4.42165e-06,-4.86872,1.745e+06
1.65626e-09,-6.82526e-08,-6.65964e-08,-4.06972e-06,-4.88907,1.75e+06
1.38437e-09,-6.79939e-08,-6.66095e-08,-3.72071e-06,-4.90768,1.755e+06
1.13862e-09,-6.77609e-08,-6.66223e-08,-3.37435e-06,-4.92455,1.76e+06
9.18302e-10,-6.75531e-08,-6.66348e-08,-3.03035e-06,-4.9397,1.765e+06
7.22782e-10,-6.73698e-08,-6.6647e-08,-2.68846e-06,-4.95314,1.77e+06
5.5151e-10,-6.72104e-08,-6.66589e-08,-2.34843e-06,-4.96488,1.775e+06
4.04009e-10,-6.70747e-08,-6.66707e-08,-2.01e-06,-4.97493,1.78e+06
2.79871e-10,-6.69621e-08,-6.66822e-08,-1.67293e-06,-4.9833,1.785e+06
1.78757e-10,-6.68724e-08,-6.66936e-08,-1.337e-06,-4.98998,1.79e+06
1.00394e-10,-6.68053e-08,-6.67049e-08,-1.00197e-06,-4.99499,1.795e+06
4.45699e-11,-6.67607e-08,-6.67161e-08,-6.67607e-07,-4.99833,1.8e+06
1.1135e-11,-6.67384e-08,-6.67273e-08,-3.33692e-07,-5,1.805e+06
7.088e-36,-6.67384e-08,-6.67384e-08,2.66233e-19,-5,1.81e+06
1.1135e-11,-6.67607e-08,-6.67495e-08,3.33692e-07,-4.99833,1.815e+06
4.45699e-11,-6.68053e-08,-6.67607e-08,6.67607e-07,-4.99499,1.82e+06
1.00394e-10,-6.68724e-08,-6.6772e-08,1.00197e-06,-4.98998,1.825e+06
1.78757e-10,-6.69621e-08,-6.67833e-08,1.337e-06,-4.9833,1.83e+06
2.79871e-10,-6.70747e-08,-6.67948e-08,1.67293e-06,-4.97493,1.835e+06
4.04009e-10,-6.72104e-08,-6.68064e-08,2.01e-06,-4.96488,1.84e+06
5.5151e-10,-6.73698e-08,-6.68183e-08,2.34843e-06,-4.95314,1.845e+06
7.22782e-10,-6.75531e-08,-6.68303e-08,2.68846e-06,-4.9397,1.85e+06
9.18302e-10,-6.77609e-08,-6.68426e-08,3.03035e-06,-4.92455,1.855e+06
1.13862e-09,-6.79939e-08,-6.68553e-08,3.37435e-06,-4.90768,1.86e+06
1.38437e-09,-6.82526e-08,-6.68682e-08,3.72071e-06,-4.88907,1.865e+06
1.65626e-09,-6.85379e-08,-6.68816e-08,4.06972e-06,-4.86872,1.87e+06
1.9551e-09,-6.88505e-08,-6.68954e-08,4.42165e-06,-4.84662,1.875e+06
2.28178e-09,-6.91915e-08,-6.69097e-08,4.77679e-06,-4.82273,1.88e+06
2.6373e-09,-6.95619e-08,-6.69246e-08,5.13547e-06,-4.79705,1.885e+06
3.02279e-09,-6.99628e-08,-6.694e-08,5.49799e-06,-4.76956,1.89e+06
3.43948e-09,-7.03956e-08,-6.69561e-08,5.86471e-06,-4.74024,1.895e+06
3.88873e-09,-7.08617e-08,-6.6973e-08,6.23597e-06,-4.70906,1.9e+06
4.37208e-09,-7.13627e-08,-6.69906e-08,6.61217e-06,-4.676,1.905e+06
4.89119e-09,-7.19004e-08,-6.70092e-08,6.99371e-06,-4.64103,1.91e+06
5.44794e-09,-7.24767e-08,-6.70288e-08,7.38102e-06,-4.60413,1.915e+06
6.04437e-09,-7.30939e-08,-6.70495e-08,7.77456e-06,-4.56525,1.92e+06
6.68278e-09,-7.37542e-08,-6.70714e-08,8.17483e-06,-4.52438,1.925e+06
7.3657e-09,-7.44604e-08,-6.70947e-08,8.58237e-06,-4.48147,1.93e+06
8.09595e-09,-7.52155e-08,-6.71196e-08,8.99775e-06,-4.43648,1.935e+06
8.87664e-09,-7.60227e-08,-6.71461e-08,9.42159e-06,-4.38937,1.94e+06
9.71129e-09,-7.68858e-08,-6.71745e-08,9.85459e-06,-4.3401,1.945e+06
1.06038e-08,-7.78089e-08,-6.72051e-08,1.02975e-05,-4.28861,1.95e+06
1.15585e-08,-7.87965e-08,-6.7238e-08,1.0751e-05,-4.23486,1.955e+06
1.25803e-08,-7.9854e-08,-6.72737e-08,1.12162e-05,-4.17877,1.96e+06
1.36748e-08,-8.09872e-08,-6.73124e-08,1.16939e-05,-4.1203,1.965e+06
1.48483e-08,-8.22027e-08,-6.73545e-08,1.21853e-05,-4.05938,1.97e+06
1.61077e-08,-8.35082e-08,-6.74005e-08,1.26916e-05,-3.99592,1.975e+06
1.74611e-08,-8.49121e-08,-6.7451e-08,1.32141e-05,-3.92985,1.98e+06
1.89179e-08,-8.64246e-08,-6.75067e-08,1.37542e-05,-3.86108,1.985e+06
2.04885e-08,-8.80568e-08,-6.75682e-08,1.43138e-05,-3.78951,1.99e+06
2.21853e-08,-8.9822e-08,-6.76367e-08,1.48947e-05,-3.71504,1.995e+06
2.40225e-08,-9.17356e-08,-6.77131e-08,1.54992e-05,-3.63754,2e+06
2.60166e-08,-9.38156e-08,-6.7799e-08,1.61297e-05,-3.55689,2.005e+06
2.81873e-08,-9.60833e-08,-6.7896e-08,1.67891e-05,-3.47295,2.01e+06
3.05575e-08,-9.85638e-08,-6.80063e-08,1.74807e-05,-3.38554,2.015e+06
3.31551e-08,-1.01288e-07,-6.81325e-08,1.82085e-05,-3.2945,2.02e+06
3.60132e-08,-1.04291e-07,-6.82781e-08,1.89772e-05,-3.19961,2.025e+06
3.91724e-08,-1.0762e-07,-6.84474e-08,1.9792e-05,-3.10065,2.03e+06
4.26825e-08,-1.11329e-07,-6.86463e-08,2.06597e-05,-2.99736,2.035e+06
4.66055e-08,-1.15488e-07,-6.88823e-08,2.15883e-05,-2.88941,2.04e+06
5.10197e-08,-1.20185e-07,-6.91657e-08,2.25875e-05,-2.77648,2.045e+06
5.60255e-08,-1.25536e-07,-6.95109e-08,2.36697e-05,-2.65813,2.05e+06
6.17542e-08,-1.31692e-07,-6.99381e-08,2.48504e-05,-2.53388,2.055e+06
6.83808e-08,-1.38857e-07,-7.04766e-08,2.61497e-05,-2.40313,2.06e+06
7.61443e-08,-1.47315e-07,-7.11709e-08,2.75943e-05,-2.26516,2.065e+06
8.53817e-08,-1.57472e-07,-7.20904e-08,2.92201e-05,-2.11906,2.07e+06
9.6584e-08,-1.69933e-07,-7.33493e-08,3.1078e-05,-1.96367,2.075e+06
1.10499e-07,-1.85647e-07,-7.51473e-08,3.32414e-05,-1.79746,2.08e+06
1.28332e-07,-2.06194e-07,-7.78616e-08,3.58235e-05,-1.61834,2.085e+06
1.52168e-07,-2.3445e-07,-8.22816e-08,3.90088e-05,-1.4233,2.09e+06
1.85993e-07,-2.76312e-07,-9.03198e-08,4.31268e-05,-1.20766,2.095e+06
2.38601e-07,-3.46359e-07,-1.07758e-07,4.88468e-05,-0.963428,2.1e+06
3.34483e-07,-4.94904e-07,-1.60421e-07,5.78345e-05,-0.674256,2.105e+06
5.80408e-07,-1.13759e-06,-5.57178e-07,7.61845e-05,-0.293333,2.11e+06
5.80408e-07,-4.94904e-07,8.55038e-08,-7.61845e-05,-0.674256,2.115e+06
3.34483e-07,-3.46359e-07,-1.1876e-08,-5.78345e-05,-0.963428,2.12e+06
2.38601e-07,-2.76312e-07,-3.7711e-08,-4.88468e-05,-1.20766,2.125e+06
1.85993e-07,-2.3445e-07,-4.84575e-08,-4.31268e-05,-1.4233,2.13e+06
1.52168e-07,-2.06194e-07,-5.40255e-08,-3.90088e-05,-1.61834,2.135e+06
1.28332e-07,-1.85647e-07,-5.73143e-08,-3.58235e-05,-1.79746,2.14e+06
1.10499e-07,-1.69933e-07,-5.9434e-08,-3.32414e-05,-1.96367,2.145e+06
9.6584e-08,-1.57472e-07,-6.08881e-08,-3.1078e-05,-2.11906,2.15e+06
8.53817e-08,-1.47315e-07,-6.19335e-08,-2.92201e-05,-2.26516,2.155e+06
7.61443e-08,-1.38857e-07,-6.27131e-08,-2.75943e-05,-2.40313,2.16e+06
6.83808e-08,-1.31692e-07,-6.33116e-08,-2.61497e-05,-2.53388,2.165e+06
6.17542e-08,-1.25536e-07,-6.37822e-08,-2.48504e-05,-2.65813,2.17e+06
5.60255e-08,-1.20185e-07,-6.41599e-08,-2.36697e-05,-2.77648,2.175e+06
5.10197e-08,-1.15488e-07,-6.44681e-08,-2.25875e-05,-2.88941,2.18e+06
4.66055e-08,-1.11329e-07,-6.47233e-08,-2.15883e-05,-2.99736,2.185e+06
4.26825e-08,-1.0762e-07,-6.49374e-08,-2.06597e-05,-3.10065,2.19e+06
3.91724e-08,-1.04291e-07,-6.51189e-08,-1.9792e-05,-3.19961,2.195e+06
3.60132e-08,-1.01288e-07,-6.52744e-08,-1.89772e-05,-3.2945,2.2e+06
3.31551e-08,-9.85638e-08,-6.54087e-08,-1.82085e-05,-3.38554,2.205e+06
3.05575e-08,-9.60833e-08,-6.55257e-08,-1.74807e-05,-3.47295,2.21e+06
2.81873e-08,-9.38156e-08,-6.56284e-08,-1.67891e-05,-3.55689,2.215e+06
2.60166e-08,-9.17356e-08,-6.5719e-08,-1.61297e-05,-3.63754,2.22e+06
2.40225e-08,-8.9822e-08,-6.57995e-08,-1.54992e-05,-3.71504,2.225e+06
2.21853e-08,-8.80568e-08,-6.58715e-08,-1.48947e-05,-3.78951,2.23e+06
2.04885e-08,-8.64246e-08,-6.5936e-08,-1.43138e-05,-3.86108,2.235e+06
1.89179e-08,-8.49121e-08,-6.59943e-08,-1.37542e-05,-3.92985,2.24e+06
1.74611e-08,-8.35082e-08,-6.60471e-08,-1.32141e-05,-3.99592,2.245e+06
1.61077e-08,-8.22027e-08,-6.60951e-08,-1.26916e-05,-4.05938,2.25e+06
1.48483e-08,-8.09872e-08,-6.6139e-08,-1.21853e-05,-4.1203,2.255e+06
1.36748e-08,-7.9854e-08,-6.61792e-08,-1.16939e-05,-4.17877,2.26e+06
1.25803e-08,-7.87965e-08,-6.62162e-08,-1.12162e-05,-4.23486,2.265e+06
1.15585e-08,-7.78089e-08,-6.62504e-08,-1.0751e-05,-4.28861,2.27e+06
1.06038e-08,-7.68858e-08,-6.6282e-08,-1.02975e-05,-4.3401,2.275e+06
9.71129e-09,-7.60227e-08,-6.63114e-08,-9.85459e-06,-4.38937,2.28e+06
8.87664e-09,-7.52155e-08,-6.63389e-08,-9.42159e-06,-4.43648,2.285e+06
8.09595e-09,-7.44604e-08,-6.63645e-08,-8.99775e-06,-4.48147,2.29e+06
7.3657e-09,-7.37542e-08,-6.63885e-08,-8.58237e-06,-4.52438,2.295e+06
6.68278e-09,-7.30939e-08,-6.64111e-08,-8.17483e-06,-4.56525,2.3e+06
6.04437e-09,-7.24767e-08,-6.64323e-08,-7.77456e-06,-4.60413,2.305e+06
5.44794e-09,-7.19004e-08,-6.64525e-08,-7.38102e-06,-4.64103,2.31e+06
4.89119e-09,-7.13627e-08,-6.64715e-08,-6.99371e-06,-4.676,2.315e+06
4.37208e-09,-7.08617e-08,-6.64896e-08,-6.61217e-06,-4.70906,2.32e+06
3.88873e-09,-7.03956e-08,-6.65068e-08,-6.23597e-06,-4.74024,2.325e+06
3.43948e-09,-6.99628e-08,-6.65233e-08,-5.86471e-06,-4.76956,2.33e+06
3.02279e-09,-6.95619e-08,-6.65391e-08,-5.49799e-06,-4.79705,2.335e+06
2.6373e-09,-6.91915e-08,-6.65542e-08,-5.13547e-06,-4.82273,2.34e+06
2.28178e-09,-6.88505e-08,-6.65687e-08,-4.77679e-06,-4.84662,2.345e+06
1.9551e-09,-6.85379e-08,-6.65828e-08,-4.42165e-06,-4.86872,2.35e+06
1.65626e-09,-6.82526e-08,-6.65964e-08,-4.06972e-06,-4.88907,2.355e+06
1.38437e-09,-6.79939e-08,-6.66095e-08,-3.72071e-06,-4.90768,2.36e+06
1.13862e-09,-6.77609e-08,-6.66223e-08,-3.37435e-06,-4.92455,2.365e+06
9.18302e-10,-6.75531e-08,-6.66348e-08,-3.03035e-06,-4.9397,2.37e+06
7.22782e-10,-6.73698e-08,-6.6647e-08,-2.68846e-06,-4.95314,2.375e+06
5.5151e-10,-6.72104e-08,-6.66589e-08,-2.34843e-06,-4.96488,2.38e+06
4.04009e-10,-6.70747e-08,-6.66707e-08,-2.01e-06,-4.97493,2.385e+06
2.79871e-10,-6.69621e-08,-6.66822e-08,-1.67293e-06,-4.9833,2.39e+06
1.78757e-10,-6.68724e-08,-6.66936e-08,-1.337e-06,-4.98998,2.395e+06
1.00394e-10,-6.68053e-08,-6.67049e-08,-1.00197e-06,-4.99499,2.4e+06
4.45699e-11,-6.67607e-08,-6.67161e-08,-6.67607e-07,-4.99833,2.405e+06
1.1135e-11,-6.67384e-08,-6.67273e-08,-3.33692e-07,-5,2.41e+06
9.28221e-36,-6.67384e-08,-6.67384e-08,-3.04667e-19,-5,2.415e+06
1.1135e-11,-6.67607e-08,-6.67495e-08,3.33692e-07,-4.99833,2.42e+06
4.45699e-11,-6.68053e-08,-6.67607e-08,6.67607e-07,-4.99499,2.425e+06
1.00394e-10,-6.68724e-08,-6.6772e-08,1.00197e-06,-4.98998,2.43e+06
1.78757e-10,-6.69621e-08,-6.67833e-08,1.337e-06,-4.9833,2.435e+06
2.79871e-10,-6.70747e-08,-6.67948e-08,1.67293e-06,-4.97493,2.44e+06
4.04009e-10,-6.72104e-08,-6.68064e-08,2.01e-06,-4.96488,2.445e+06
5.5151e-10,-6.73698e-08,-6.68183e-08,2.34843e-06,-4.95314,2.45e+06
7.22782e-10,-6.75531e-08,-6.68303e-08,2.68846e-06,-4.9397,2.455e+06
9.18302e-10,-6.77609e-08,-6.68426e-08,3.03035e-06,-4.92455,2.46e+06
1.13862e-09,-6.79939e-08,-6.68553e-08,3.37435e-06,-4.90768,2.465e+06
1.38437e-09,-6.82526e-08,-6.68682e-08,3.72071e-06,-4.88907,2.47e+06
1.65626e-09,-6.85379e-08,-6.68816e-08,4.06972e-06,-4.86872,2.475e+06
1.9551e-09,-6.88505e-08,-6.68954e-08,4.42165e-06,-4.84662,2.48e+06
2.28178e-09,-6.91915e-08,-6.69097e-08,4.77679e-06,-4.82273,2.485e+06
2.6373e-09,-6.95619e-08,-6.69246e-08,5.13547e-06,-4.79705,2.49e+06
3.02279e-09,-6.99628e-08,-6.694e-08,5.49799e-06,-4.76956,2.495e+06
3.43948e-09,-7.03956e-08,-6.69561e-08,5.86471e-06,-4.74024,2.5e+06
3.88873e-09,-7.08617e-08,-6.6973e-08,6.23597e-06,-4.70906,2.505e+06
4.37208e-09,-7.13627e-08,-6.69906e-08,6.61217e-06,-4.676,2.51e+06
4.89119e-09,-7.19004e-08,-6.70092e-08,6.99371e-06,-4.64103,2.515e+06
5.44794e-09,-7.24767e-08,-6.70288e-08,7.38102e-06,-4.60413,2.52e+06
6.04437e-09,-7.30939e-08,-6.70495e-08,7.77456e-06,-4.56525,2.525e+06
6.68278e-09,-7.37542e-08,-6.70714e-08,8.17483e-06,-4.52438,2.53e+06
7.3657e-09,-7.44604e-08,-6.70947e-08,8.58237e-06,-4.48147,2.535e+06
8.09595e-09,-7.52155e-08,-6.71196e-08,8.99775e-06,-4.43648,2.54e+06
8.87664e-09,-7.60227e-08,-6.71461e-08,9.42159e-06,-4.38937,2.545e+06
9.71129e-09,-7.68858e-08,-6.71745e-08,9.85459e-06,-4.3401,2.55e+06
1.06038e-08,-7.78089e-08,-6.72051e-08,1.02975e-05,-4.28861,2.555e+06
1.15585e-08,-7.87965e-08,-6.7238e-08,1.0751e-05,-4.23486,2.56e+06
1.25803e-08,-7.9854e-08,-6.72737e-08,1.12162e-05,-4.17877,2.565e+06
1.36748e-08,-8.09872e-08,-6.73124e-08,1.16939e-05,-4.1203,2.57e+06
1.48483e-08,-8.22027e-08,-6.73545e-08,1.21853e-05,-4.05938,2.575e+06
1.61077e-08,-8.35082e-08,-6.74005e-08,1.26916e-05,-3.99592,2.58e+06
1.74611e-08,-8.49121e-08,-6.7451e-08,1.32141e-05,-3.92985,2.585e+06
1.89179e-08,-8.64246e-08,-6.75067e-08,1.37542e-05,-3.86108,2.59e+06
2.04885e-08,-8.80568e-08,-6.75682e-08,1.43138e-05,-3.78951,2.595e+06
2.21853e-08,-8.9822e-08,-6.76367e-08,1.48947e-05,-3.71504,2.6e+06
2.40225e-08,-9.17356e-08,-6.77131e-08,1.54992e-05,-3.63754,2.605e+06
2.60166e-08,-9.38156e-08,-6.7799e-08,1.61297e-05,-3.55689,2.61e+06
2.81873e-08,-9.60833e-08,-6.7896e-08,1.67891e-05,-3.47295,2.615e+06
3.05575e-08,-9.85638e-08,-6.80063e-08,1.74807e-05,-3.38554,2.62e+06
3.31551e-08,-1.01288e-07,-6.81325e-08,1.82085e-05,-3.2945,2.625e+06
3.60132e-08,-1.04291e-07,-6.82781e-08,1.89772e-05,-3.19961,2.63e+06
3.91724e-08,-1.0762e-07,-6.84474e-08,1.9792e-05,-3.10065,2.635e+06
4.26825e-08,-1.11329e-07,-6.86463e-08,2.06597e-05,-2.99736,2.64e+06
4.66055e-08,-1.15488e-07,-6.88823e-08,2.15883e-05,-2.88941,2.645e+06
5.10197e-08,-1.20185e-07,-6.91657e-08,2.25875e-05,-2.77648,2.65e+06
5.60255e-08,-1.25536e-07,-6.95109e-08,2.36697e-05,-2.65813,2.655e+06
6.17542e-08,-1.31692e-07,-6.99381e-08,2.48504e-05,-2.53388,2.66e+06
6.83808e-08,-1.38857e-07,-7.04766e-08,2.61497e-05,-2.40313,2.665e+06
7.61443e-08,-1.47315e-07,-7.11709e-08,2.75943e-05,-2.26516,2.67e+06
8.53817e-08,-1.57472e-07,-7.20904e-08,2.92201e-05,-2.11906,2.675e+06
9.6584e-08,-1.69933e-07,-7.33493e-08,3.1078e-05,-1.96367,2.68e+06
1.10499e-07,-1.85647e-07,-7.51473e-08,3.32414e-05,-1.79746,2.685e+06
1.28332e-07,-2.06194e-07,-7.78616e-08,3.58235e-05,-1.61834,2.69e+06
1.52168e-07,-2.3445e-07,-8.22816e-08,3.90088e-05,-1.4233,2.695e+06
1.85993e-07,-2.76312e-07,-9.03198e-08,4.31268e-05,-1.20766,2.7e+06
2.38601e-07,-3.46359e-07,-1.07758e-07,4.88468e-05,-0.963428,2.705e+06
3.34483e-07,-4.94904e-07,-1.60421e-07,5.78345e-05,-0.674256,2.71e+06
5.80408e-07,-1.13759e-06,-5.57178e-07,7.61845e-05,-0.293333,2.715e+06
5.80408e-07,-4.94904e-07,8.55038e-08,-7.61845e-05,-0.674256,2.72e+06
3.34483e-07,-3.46359e-07,-1.1876e-08,-5.78345e-05,-0.963428,2.725e+06
2.38601e-07,-2.76312e-07,-3.7711e-08,-4.88468e-05,-1.20766,2.73e+06
1.85993e-07,-2.3445e-07,-4.84575e-08,-4.31268e-05,-1.4233,2.735e+06
1.52168e-07,-2.06194e-07,-5.40255e-08,-3.90088e-05,-1.61834,2.74e+06
1.28332e-07,-1.85647e-07,-5.73143e-08,-3.58235e-05,-1.79746,2.745e+06
1.10499e-07,-1.69933e-07,-5.9434e-08,-3.32414e-05,-1.96367,2.75e+06
9.6584e-08,-1.57472e-07,-6.08881e-08,-3.1078e-05,-2.11906,2.755e+06
8.53817e-08,-1.47315e-07,-6.19335e-08,-2.92201e-05,-2.26516,2.76e+06
7.61443e-08,-1.38857e-07,-6.27131e-08,-2.75943e-05,-2.40313,2.765e+06
6.83808e-08,-1.31692e-07,-6.33116e-08,-2.61497e-05,-2.53388,2.77e+06
6.17542e-08,-1.25536e-07,-6.37822e-08,-2.48504e-05,-2.65813,2.775e+06
5.60255e-08,-1.20185e-07,-6.41599e-08,-2.36697e-05,-2.77648,2.78e+06
5.10197e-08,-1.15488e-07,-6.44681e-08,-2.25875e-05,-2.88941,2.785e+06
4.66055e-08,-1.11329e-07,-6.47233e-08,-2.15883e-05,-2.99736,2.79e+06
4.26825e-08,-1.0762e-07,-6.49374e-08,-2.06597e-05,-3.10065,2.795e+06
3.91724e-08,-1.04291e-07,-6.51189e-08,-1.9792e-05,-3.19961,2.8e+06
3.60132e-08,-1.01288e-07,-6.52744e-08,-1.89772e-05,-3.2945,2.805e+06
3.31551e-08,-9.85638e-08,-6.54087e-08,-1.82085e-05,-3.38554,2.81e+06
3.05575e-08,-9.60833e-08,-6.55257e-08,-1.74807e-05,-3.47295,2.815e+06
2.81873e-08,-9.38156e-08,-6.56284e-08,-1.67891e-05,-3.55689,2.82e+06
2.60166e-08,-9.17356e-08,-6.5719e-08,-1.61297e-05,-3.63754,2.825e+06
2.40225e-08,-8.9822e-08,-6.57995e-08,-1.54992e-05,-3.71504,2.83e+06
2.21853e-08,-8.80568e-08,-6.58715e-08,-1.48947e-05,-3.78951,2.835e+06
2.04885e-08,-8.64246e-08,-6.5936e-08,-1.43138e-05,-3.86108,2.84e+06
1.89179e-08,-8.49121e-08,-6.59943e-08,-1.37542e-05,-3.92985,2.845e+06
1.74611e-08,-8.35082e-08,-6.60471e-08,-1.32141e-05,-3.99592,2.85e+06
1.61077e-08,-8.22027e-08,-6.60951e-08,-1.26916e-05,-4.05938,2.855e+06
1.48483e-08,-8.09872e-08,-6.6139e-08,-1.21853e-05,-4.1203,2.86e+06
1.36748e-08,-7.9854e-08,-6.61792e-08,-1.16939e-05,-4.17877,2.865e+06
1.25803e-08,-7.87965e-08,-6.62162e-08,-1.12162e-05,-4.23486,2.87e+06
1.15585e-08,-7.78089e-08,-6.62504e-08,-1.0751e-05,-4.28861,2.875e+06
1.06038e-08,-7.68858e-08,-6.6282e-08,-1.02975e-05,-4.3401,2.88e+06
9.71129e-09,-7.60227e-08,-6.63114e-08,-9.85459e-06,-4.38937,2.885e+06
8.87664e-09,-7.52155e-08,-6.63389e-08,-9.42159e-06,-4.43648,2.89e+06
8.09595e-09,-7.44604e-08,-6.63645e-08,-8.99775e-06,-4.48147,2.895e+06
7.3657e-09,-7.37542e-08,-6.63885e-08,-8.58237e-06,-4.52438,2.9e+06
6.68278e-09,-7.30939e-08,-6.64111e-08,-8.17483e-06,-4.56525,2.905e+06
6.04437e-09,-7.24767e-08,-6.64323e-08,-7.77456e-06,-4.60413,2.91e+06
5.44794e-09,-7.19004e-08,-6.64525e-08,-7.38102e-06,-4.64103,2.915e+06
4.89119e-09,-7.13627e-08,-6.64715e-08,-6.99371e-06,-4.676,2.92e+06
4.37208e-09,-7.08617e-08,-6.64896e-08,-6.61217e-06,-4.70906,2.925e+06
3.88873e-09,-7.03956e-08,-6.65068e-08,-6.23597e-06,-4.74024,2.93e+06
3.43948e-09,-6.99628e-08,-6.65233e-08,-5.86471e-06,-4.76956,2.935e+06
3.02279e-09,-6.95619e-08,-6.65391e-08,-5.49799e-06,-4.79705,2.94e+06
2.6373e-09,-6.91915e-08,-6.65542e-08,-5.13547e-06,-4.82273,2.945e+06
2.28178e-09,-6.88505e-08,-6.65687e-08,-4.77679e-06,-4.84662,2.95e+06
1.9551e-09,-6.85379e-08,-6.65828e-08,-4.42165e-06,-4.86872,2.955e+06
1.65626e-09,-6.82526e-08,-6.65964e-08,-4.06972e-06,-4.88907,2.96e+06
1.38437e-09,-6.79939e-08,-6.66095e-08,-3.72071e-06,-4.90768,2.965e+06
1.13862e-09,-6.77609e-08,-6.66223e-08,-3.37435e-06,-4.92455,2.97e+06
9.18302e-10,-6.75531e-08,-6.66348e-08,-3.03035e-06,-4.9397,2.975e+06
7.22782e-10,-6.73698e-08,-6.6647e-08,-2.68846e-06,-4.95314,2.98e+06
5.5151e-10,-6.72104e-08,-6.66589e-08,-2.34843e-06,-4.96488,2.985e+06
4.04009e-10,-6.70747e-08,-6.66707e-08,-2.01e-06,-4.97493,2.99e+06
2.79871e-10,-6.69621e-08,-6.66822e-08,-1.67293e-06,-4.9833,2.995e+06
1.78757e-10,-6.68724e-08,-6.66936e-08,-1.337e-06,-4.98998,3e+06
1.00394e-10,-6.68053e-08,-6.67049e-08,-1.00197e-06,-4.99499,3.005e+06
4.45699e-11,-6.67607e-08,-6.67161e-08,-6.67607e-07,-4.99833,3.01e+06
1.1135e-11,-6.67384e-08,-6.67273e-08,-3.33692e-07,-5,3.015e+06
8.7044e-36,-6.67384e-08,-6.67384e-08,2.95032e-19,-5,3.02e+06
1.1135e-11,-6.67607e-08,-6.67495e-08,3.33692e-07,-4.99833,3.025e+06
4.45699e-11,-6.68053e-08,-6.67607e-08,6.67607e-07,-4.99499,3.03e+06
1.00394e-10,-6.68724e-08,-6.6772e-08,1.00197e-06,-4.98998,3.035e+06
1.78757e-10,-6.69621e-08,-6.67833e-08,1.337e-06,-4.9833,3.04e+06
2.79871e-10,-6.70747e-08,-6.67948e-08,1.67293e-06,-4.97493,3.045e+06
4.04009e-10,-6.72104e-08,-6.68064e-08,2.01e-06,-4.96488,3.05e+06
5.5151e-10,-6.73698e-08,-6.68183e-08,2.34843e-06,-4.95314,3.055e+06
7.22782e-10,-6.75531e-08,-6.68303e-08,2.68846e-06,-4.9397,3.06e+06
9.18302e-10,-6.77609e-08,-6.68426e-08,3.03035e-06,-4.92455,3.065e+06
1.13862e-09,-6.79939e-08,-6.68553e-08,3.37435e-06,-4.90768,3.07e+06
1.38437e-09,-6.82526e-08,-6.68682e-08,3.72071e-06,-4.88907,3.075e+06
1.65626e-09,-6.85379e-08,-6.68816e-08,4.06972e-06,-4.86872,3.08e+06
1.9551e-09,-6.88505e-08,-6.68954e-08,4.42165e-06,-4.84662,3.085e+06
2.28178e-09,-6.91915e-08,-6.69097e-08,4.77679e-06,-4.82273,3.09e+06
2.6373e-09,-6.95619e-08,-6.69246e-08,5.13547e-06,-4.79705,3.095e+06
3.02279e-09,-6.99628e-08,-6.694e-08,5.49799e-06,-4.76956,3.1e+06
3.43948e-09,-7.03956e-08,-6.69561e-08,5.86471e-06,-4.74024,3.105e+06
3.88873e-09,-7.08617e-08,-6.6973e-08,6.23597e-06,-4.70906,3.11e+06
4.37208e-09,-7.13627e-08,-6.69906e-08,6.61217e-06,-4.676,3.115e+06
4.89119e-09,-7.19004e-08,-6.70092e-08,6.99371e-06,-4.64103,3.12e+06
5.44794e-09,-7.24767e-08,-6.70288e-08,7.38102e-06,-4.60413,3.125e+06
6.04437e-09,-7.30939e-08,-6.70495e-08,7.77456e-06,-4.56525,3.13e+06
6.68278e-09,-7.37542e-08,-6.70714e-08,8.17483e-06,-4.52438,3.135e+06
7.3657e-09,-7.44604e-08,-6.70947e-08,8.58237e-06,-4.48147,3.14e+06
8.09595e-09,-7.52155e-08,-6.71196e-08,8.99775e-06,-4.43648,3.145e+06
8.87664e-09,-7.60227e-08,-6.71461e-08,9.42159e-06,-4.38937,3.15e+06
9.71129e-09,-7.68858e-08,-6.71745e-08,9.85459e-06,-4.3401,3.155e+06
1.06038e-08,-7.78089e-08,-6.72051e-08,1.02975e-05,-4.28861,3.16e+06
1.15585e-08,-7.87965e-08,-6.7238e-08,1.0751e-05,-4.23486,3.165e+06
1.25803e-08,-7.9854e-08,-6.72737e-08,1.12162e-05,-4.17877,3.17e+06
1.36748e-08,-8.09872e-08,-6.73124e-08,1.16939e-05,-4.1203,3.175e+06
1.48483e-08,-8.22027e-08,-6.73545e-08,1.21853e-05,-4.05938,3.18e+06
1.61077e-08,-8.35082e-08,-6.74005e-08,1.26916e-05,-3.99592,3.185e+06
1.74611e-08,-8.49121e-08,-6.7451e-08,1.32141e-05,-3.92985,3.19e+06
1.89179e-08,-8.64246e-08,-6.75067e-08,1.37542e-05,-3.86108,3.195e+06
2.04885e-08,-8.80568e-08,-6.75682e-08,1.43138e-05,-3.78951,3.2e+06
2.21853e-08,-8.9822e-08,-6.76367e-08,1.48947e-05,-3.71504,3.205e+06
2.40225e-08,-9.17356e-08,-6.77131e-08,1.54992e-05,-3.63754,3.21e+06
2.60166e-08,-9.38156e-08,-6.7799e-08,1.61297e-05,-3.55689,3.215e+06
2.81873e-08,-9.60833e-08,-6.7896e-08,1.67891e-05,-3.47295,3.22e+06
3.05575e-08,-9.85638e-08,-6.80063e-08,1.74807e-05,-3.38554,3.225e+06
3.31551e-08,-1.01288e-07,-6.81325e-08,1.82085e-05,-3.2945,3.23e+06
3.60132e-08,-1.04291e-07,-6.82781e-08,1.89772e-05,-3.19961,3.235e+06
3.91724e-08,-1.0762e-07,-6.84474e-08,1.9792e-05,-3.10065,3.24e+06
4.26825e-08,-1.11329e-07,-6.86463e-08,2.06597e-05,-2.99736,3.245e+06
4.66055e-08,-1.15488e-07,-6.88823e-08,2.15883e-05,-2.88941,3.25e+06
5.10197e-08,-1.20185e-07,-6.91657e-08,2.25875e-05,-2.77648,3.255e+06
5.60255e-08,-1.25536e-07,-6.95109e-08,2.36697e-05,-2.65813,3.26e+06
6.17542e-08,-1.31692e-07,-6.99381e-08,2.48504e-05,-2.53388,3.265e+06
6.83808e-08,-1.38857e-07,-7.04766e-08,2.61497e-05,-2.40313,3.27e+06
7.61443e-08,-1.47315e-07,-7.11709e-08,2.75943e-05,-2.26516,3.275e+06
8.53817e-08,-1.57472e-07,-7.20904e-08,2.92201e-05,-2.11906,3.28e+06
9.6584e-08,-1.69933e-07,-7.33493e-08,3.1078e-05,-1.96367,3.285e+06
1.10499e-07,-1.85647e-07,-7.51473e-08,3.32414e-05,-1.79746,3.29e+06
1.28332e-07,-2.06194e-07,-7.78616e-08,3.58235e-05,-1.61834,3.295e+06
1.52168e-07,-2.3445e-07,-8.22816e-08,3.90088e-05,-1.4233,3.3e+06
1.85993e-07,-2.76312e-07,-9.03198e-08,4.31268e-05,-1.20766,3.305e+06
2.38601e-07,-3.46359e-07,-1.07758e-07,4.88468e-05,-0.963428,3.31e+06
3.34483e-07,-4.94904e-07,-1.60421e-07,5.78345e-05,-0.674256,3.315e+06
5.80408e-07,-1.13759e-06,-5.57178e-07,7.61845e-05,-0.293333,3.32e+06
5.80408e-07,-4.94904e-07,8.55038e-08,-7.61845e-05,-0.674256,3.325e+06
3.34483e-07,-3.46359e-07,-1.1876e-08,-5.78345e-05,-0.963428,3.33e+06
2.38601e-07,-2.76312e-07,-3.7711e-08,-4.88468e-05,-1.20766,3.335e+06
1.85993e-07,-2.3445e-07,-4.84575e-08,-4.31268e-05,-1.4233,3.34e+06
1.52168e-07,-2.06194e-07,-5.40255e-08,-3.90088e-05,-1.61834,3.345e+06
1.28332e-07,-1.85647e-07,-5.73143e-08,-3.58235e-05,-1.79746,3.35e+06
1.10499e-07,-1.69933e-07,-5.9434e-08,-3.32414e-05,-1.96367,3.355e+06
9.6584e-08,-1.57472e-07,-6.08881e-08,-3.1078e-05,-2.11906,3.36e+06
8.53817e-08,-1.47315e-07,-6.19335e-08,-2.92201e-05,-2.26516,3.365e+06
7.61443e-08,-1.38857e-07,-6.27131e-08,-2.75943e-05,-2.40313,3.37e+06
6.83808e-08,-1.31692e-07,-6.33116e-08,-2.61497e-05,-2.53388,3.375e+06
6.17542e-08,-1.25536e-07,-6.37822e-08,-2.48504e-05,-2.65813,3.38e+06
5.60255e-08,-1.20185e-07,-6.41599e-08,-2.36697e-05,-2.77648,3.385e+06
5.10197e-08,-1.15488e-07,-6.44681e-08,-2.25875e-05,-2.88941,3.39e+06
4.66055e-08,-1.11329e-07,-6.47233e-08,-2.15883e-05,-2.99736,3.395e+06
4.26825e-08,-1.0762e-07,-6.49374e-08,-2.06597e-05,-3.10065,3.4e+06
3.91724e-08,-1.04291e-07,-6.51189e-08,-1.9792e-05,-3.19961,3.405e+06
3.60132e-08,-1.01288e-07,-6.52744e-08,-1.89772e-05,-3.2945,3.41e+06
3.31551e-08,-9.85638e-08,-6.54087e-08,-1.82085e-05,-3.38554,3.415e+06
3.05575e-08,-9.60833e-08,-6.55257e-08,-1.74807e-05,-3.47295,3.42e+06
2.81873e-08,-9.38156e-08,-6.56284e-08,-1.67891e-05,-3.55689,3.425e+06
2.60166e-08,-9.17356e-08,-6.5719e-08,-1.61297e-05,-3.63754,3.43e+06
2.40225e-08,-8.9822e-08,-6.57995e-08,-1.54992e-05,-3.71504,3.435e+06
2.21853e-08,-8.80568e-08,-6.58715e-08,-1.48947e-05,-3.78951,3.44e+06
2.04885e-08,-8.64246e-08,-6.5936e-08,-1.43138e-05,-3.86108,3.445e+06
1.89179e-08,-8.49121e-08,-6.59943e-08,-1.37542e-05,-3.92985,3.45e+06
1.74611e-08,-8.35082e-08,-6.60471e-08,-1.32141e-05,-3.99592,3.455e+06
1.61077e-08,-8.22027e-08,-6.60951e-08,-1.26916e-05,-4.05938,3.46e+06
1.48483e-08,-8.09872e-08,-6.6139e-08,-1.21853e-05,-4.1203,3.465e+06
1.36748e-08,-7.9854e-08,-6.61792e-08,-1.16939e-05,-4.17877,3.47e+06
1.25803e-08,-7.87965e-08,-6.62162e-08,-1.12162e-05,-4.23486,3.475e+06
1.15585e-08,-7.78089e-08,-6.62504e-08,-1.0751e-05,-4.28861,3.48e+06
1.06038e-08,-7.68858e-08,-6.6282e-08,-1.02975e-05,-4.3401,3.485e+06
9.71129e-09,-7.60227e-08,-6.63114e-08,-9.85459e-06,-4.38937,3.49e+06
8.87664e-09,-7.52155e-08,-6.63389e-08,-9.42159e-06,-4.43648,3.495e+06
8.09595e-09,-7.44604e-08,-6.63645e-08,-8.99775e-06,-4.48147,3.5e+06
7.3657e-09,-7.37542e-08,-6.63885e-08,-8.58237e-06,-4.52438,3.505e+06
6.68278e-09,-7.30939e-08,-6.64111e-08,-8.17483e-06,-4.56525,3.51e+06
6.04437e-09,-7.24767e-08,-6.64323e-08,-7.77456e-06,-4.60413,3.515e+06
5.44794e-09,-7.19004e-08,-6.64525e-08,-7.38102e-06,-4.64103,3.52e+06
4.89119e-09,-7.13627e-08,-6.64715e-08,-6.99371e-06,-4.676,3.525e+06
4.37208e-09,-7.08617e-08,-6.64896e-08,-6.61217e-06,-4.70906,3.53e+06
3.88873e-09,-7.03956e-08,-6.65068e-08,-6.23597e-06,-4.74024,3.535e+06
3.43948e-09,-6.99628e-08,-6.65233e-08,-5.86471e-06,-4.76956,3.54e+06
3.02279e-09,-6.95619e-08,-6.65391e-08,-5.49799e-06,-4.79705,3.545e+06
2.6373e-09,-6.91915e-08,-6.65542e-08,-5.13547e-06,-4.82273,3.55e+06
2.28178e-09,-6.88505e-08,-6.65687e-08,-4.77679e-06,-4.84662,3.555e+06
1.9551e-09,-6.85379e-08,-6.65828e-08,-4.42165e-06,-4.86872,3.56e+06
1.65626e-09,-6.82526e-08,-6.65964e-08,-4.06972e-06,-4.88907,3.565e+06
1.38437e-09,-6.79939e-08,-6.66095e-08,-3.72071e-06,-4.90768,3.57e+06
1.13862e-09,-6.77609e-08,-6.66223e-08,-3.37435e-06,-4.92455,3.575e+06
9.18302e-10,-6.75531e-08,-6.66348e-08,-3.03035e-06,-4.9397,3.58e+06
7.22782e-10,-6.73698e-08,-6.6647e-08,-2.68846e-06,-4.95314,3.585e+06
5.5151e-10,-6.72104e-08,-6.66589e-08,-2.34843e-06,-4.96488,3.59e+06
4.04009e-10,-6.70747e-08,-6.66707e-08,-2.01e-06,-4.97493,3.595e+06
2.79871e-10,-6.69621e-08,-6.66822e-08,-1.67293e-06,-4.9833,3.6e+06
1.78757e-10,-6.68724e-08,-6.66936e-08,-1.337e-06,-4.98998,3.605e+06
1.00394e-10,-6.68053e-08,-6.67049e-08,-1.00197e-06,-4.99499,3.61e+06
4.45699e-11,-6.67607e-08,-6.67161e-08,-6.67607e-07,-4.99833,3.615e+06
1.1135e-11,-6.67384e-08,-6.67273e-08,-3.33692e-07,-5,3.62e+06
3.17281e-35,-6.67384e-08,-6.67384e-08,-5.63277e-19,-5,3.625e+06
1.1135e-11,-6.67607e-08,-6.67495e-08,3.33692e-07,-4.99833,3.63e+06
4.45699e-11,-6.68053e-08,-6.67607e-08,6.67607e-07,-4.99499,3.635e+06
1.00394e-10,-6.68724e-08,-6.6772e-08,1.00197e-06,-4.98998,3.64e+06
1.78757e-10,-6.69621e-08,-6.67833e-08,1.337e-06,-4.9833,3.645e+06
