1.1135e-11,-6.67607e-08,-6.67495e-08,3.33692e-07,-4.99833,0
4.45699e-11,-6.68053e-08,-6.67607e-08,6.67607e-07,-4.99499,5000
1.00394e-10,-6.68724e-08,-6.6772e-08,1.00197e-06,-4.98998,10000
1.78757e-10,-6.69621e-08,-6.67833e-08,1.337e-06,-4.9833,15000
2.79871e-10,-6.70747e-08,-6.67948e-08,1.67293e-06,-4.97493,20000
4.04009e-10,-6.72104e-08,-6.68064e-08,2.01e-06,-4.96488,25000
5.5151e-10,-6.73698e-08,-6.68183e-08,2.34843e-06,-4.95314,30000
7.22782e-10,-6.75531e-08,-6.68303e-08,2.68846e-06,-4.9397,35000
9.18302e-10,-6.77609e-08,-6.68426e-08,3.03035e-06,-4.92455,40000
1.13862e-09,-6.79939e-08,-6.68553e-08,3.37435e-06,-4.90768,45000
1.38437e-09,-6.82526e-08,-6.68682e-08,3.72071e-06,-4.88907,50000
1.65626e-09,-6.85379e-08,-6.68816e-08,4.06972e-06,-4.86872,55000
1.9551e-09,-6.88505e-08,-6.68954e-08,4.42165e-06,-4.84662,60000
2.28178e-09,-6.91915e-08,-6.69097e-08,4.77679e-06,-4.82273,65000
2.6373e-09,-6.95619e-08,-6.69246e-08,5.13547e-06,-4.79705,70000
3.02279e-09,-6.99628e-08,-6.694e-08,5.49799e-06,-4.76956,75000
3.43948e-09,-7.03956e-08,-6.69561e-08,5.86471e-06,-4.74024,80000
3.88873e-09,-7.08617e-08,-6.6973e-08,6.23597e-06,-4.70906,85000
4.37208e-09,-7.13627e-08,-6.69906e-08,6.61217e-06,-4.676,90000
4.89119e-09,-7.19004e-08,-6.70092e-08,6.99371e-06,-4.64103,95000
5.44794e-09,-7.24767e-08,-6.70288e-08,7.38102e-06,-4.60413,100000
6.04437e-09,-7.30939e-08,-6.70495e-08,7.77456e-06,-4.56525,105000
6.68278e-09,-7.37542e-08,-6.70714e-08,8.17483e-06,-4.52438,110000
7.3657e-09,-7.44604e-08,-6.70947e-08,8.58237e-06,-4.48147,115000
8.09595e-09,-7.52155e-08,-6.71196e-08,8.99775e-06,-4.43648,120000
8.87664e-09,-7.60227e-08,-6.71461e-08,9.42159e-06,-4.38937,125000
9.71129e-09,-7.68858e-08,-6.71745e-08,9.85459e-06,-4.3401,130000
1.06038e-08,-7.78089e-08,-6.72051e-08,1.02975e-05,-4.28861,135000
1.15585e-08,-7.87965e-08,-6.7238e-08,1.0751e-05,-4.23486,140000
1.25803e-08,-7.9854e-08,-6.72737e-08,1.12162e-05,-4.17877,145000
1.36748e-08,-8.09872e-08,-6.73124e-08,1.16939e-05,-4.1203,150000
1.48483e-08,-8.22027e-08,-6.73545e-08,1.21853e-05,-4.05938,155000
1.61077e-08,-8.35082e-08,-6.74005e-08,1.26916e-05,-3.99592,160000
1.74611e-08,-8.49121e-08,-6.7451e-08,1.32141e-05,-3.92985,165000
1.89179e-08,-8.64246e-08,-6.75067e-08,1.37542e-05,-3.86108,170000
2.04885e-08,-8.80568e-08,-6.75682e-08,1.43138e-05,-3.78951,175000
2.21853e-08,-8.9822e-08,-6.76367e-08,1.48947e-05,-3.71504,180000
2.40225e-08,-9.17356e-08,-6.77131e-08,1.54992e-05,-3.63754,185000
2.60166e-08,-9.38156e-08,-6.7799e-08,1.61297e-05,-3.55689,190000
2.81873e-08,-9.60833e-08,-6.7896e-08,1.67891e-05,-3.47295,195000
3.05575e-08,-9.85638e-08,-6.80063e-08,1.74807e-05,-3.38554,200000
3.31551e-08,-1.01288e-07,-6.81325e-08,1.82085e-05,-3.2945,205000
3.60132e-08,-1.04291e-07,-6.82781e-08,1.89772e-05,-3.19961,210000
3.91724e-08,-1.0762e-07,-6.84474e-08,1.9792e-05,-3.10065,215000
4.26825e-08,-1.11329e-07,-6.86463e-08,2.06597e-05,-2.99736,220000
4.66055e-08,-1.15488e-07,-6.88823e-08,2.15883e-05,-2.88941,225000
5.10197e-08,-1.20185e-07,-6.91657e-08,2.25875e-05,-2.77648,230000
5.60255e-08,-1.25536e-07,-6.95109e-08,2.36697e-05,-2.65813,235000
6.17542e-08,-1.31692e-07,-6.99381e-08,2.48504e-05,-2.53388,240000
6.83808e-08,-1.38857e-07,-7.04766e-08,2.61497e-05,-2.40313,245000
7.61443e-08,-1.47315e-07,-7.11709e-08,2.75943e-05,-2.26516,250000
8.53817e-08,-1.57472e-07,-7.20904e-08,2.92201e-05,-2.11906,255000
9.6584e-08,-1.69933e-07,-7.33493e-08,3.1078e-05,-1.96367,260000
1.10499e-07,-1.85647e-07,-7.51473e-08,3.32414e-05,-1.79746,265000
1.28332e-07,-2.06194e-07,-7.78616e-08,3.58235e-05,-1.61834,270000
1.52168e-07,-2.3445e-07,-8.22816e-08,3.90088e-05,-1.4233,275000
1.85993e-07,-2.76312e-07,-9.03198e-08,4.31268e-05,-1.20766,280000
2.38601e-07,-3.46359e-07,-1.07758e-07,4.88468e-05,-0.963428,285000
3.34483e-07,-4.94904e-07,-1.60421e-07,5.78345e-05,-0.674256,290000
5.80408e-07,-1.13759e-06,-5.57178e-07,7.61845e-05,-0.293333,295000
5.80408e-07,-1.13759e-06,-5.57178e-07,-7.61845e-05,-0.293333,300000
4.31343e-08,-1.76101e-06,-1.71787e-06,2.07688e-05,-0.18949,305000
4.31343e-08,-1.76101e-06,-1.71787e-06,-2.07688e-05,-0.18949,310000
4.47605e-06,-3.84286e-07,4.09176e-06,0.000211567,0.868344,315000
4.02014e-06,-1.78363e-07,3.84178e-06,0.000200503,1.87086,320000
3.92513e-06,-1.16616e-07,3.80852e-06,0.000198119,2.86146,325000
3.88487e-06,-8.67418e-08,3.79812e-06,0.000197101,3.84696,330000
3.86268e-06,-6.90925e-08,3.79358e-06,0.000196537,4.82964,335000
3.84863e-06,-5.74287e-08,3.7912e-06,0.000196179,5.81054,340000
3.83894e-06,-4.91432e-08,3.7898e-06,0.000195932,6.7902,345000
3.83186e-06,-4.2952e-08,3.7889e-06,0.000195751,7.76896,350000
3.82645e-06,-3.81492e-08,3.7883e-06,0.000195613,8.74702,355000
3.82218e-06,-3.43144e-08,3.78787e-06,0.000195504,9.72454,360000
3.81873e-06,-3.11814e-08,3.78755e-06,0.000195416,10.7016,365000
3.81589e-06,-2.85736e-08,3.78731e-06,0.000195343,11.6783,370000
3.8135e-06,-2.63689e-08,3.78713e-06,0.000195282,12.6547,375000
3.81146e-06,-2.44806e-08,3.78698e-06,0.00019523,13.6309,380000
3.80971e-06,-2.28449e-08,3.78686e-06,0.000195185,14.6068,385000
3.80818e-06,-2.14145e-08,3.78677e-06,0.000195146,15.5825,390000
3.80684e-06,-2.01528e-08,3.78669e-06,0.000195111,16.5581,395000
3.80566e-06,-1.90317e-08,3.78662e-06,0.000195081,17.5335,400000
3.8046e-06,-1.80289e-08,3.78657e-06,0.000195054,18.5088,405000
3.80365e-06,-1.71265e-08,3.78652e-06,0.000195029,19.4839,410000
3.80279e-06,-1.63103e-08,3.78648e-06,0.000195007,20.459,415000
3.80201e-06,-1.55684e-08,3.78644e-06,0.000194988,21.4339,420000
3.8013e-06,-1.48912e-08,3.78641e-06,0.000194969,22.4087,425000
3.80066e-06,-1.42704e-08,3.78639e-06,0.000194953,23.3835,430000
3.80006e-06,-1.36994e-08,3.78636e-06,0.000194937,24.3582,435000
3.79951e-06,-1.31723e-08,3.78634e-06,0.000194923,25.3328,440000
3.79901e-06,-1.26844e-08,3.78632e-06,0.00019491,26.3074,445000
3.79854e-06,-1.22313e-08,3.78631e-06,0.000194898,27.2819,450000
3.7981e-06,-1.18095e-08,3.78629e-06,0.000194887,28.2563,455000
3.79769e-06,-1.14158e-08,3.78628e-06,0.000194877,29.2307,460000
3.79731e-06,-1.10476e-08,3.78626e-06,0.000194867,30.205,465000
3.79696e-06,-1.07024e-08,3.78625e-06,0.000194858,31.1793,470000
3.79662e-06,-1.03781e-08,3.78624e-06,0.000194849,32.1535,475000
3.79631e-06,-1.00729e-08,3.78623e-06,0.000194841,33.1278,480000
3.79601e-06,-9.78514e-09,3.78623e-06,0.000194834,34.1019,485000
3.79573e-06,-9.51339e-09,3.78622e-06,0.000194826,35.0761,490000
3.79547e-06,-9.25633e-09,3.78621e-06,0.00019482,36.0501,495000
3.79522e-06,-9.0128e-09,3.7862e-06,0.000194813,37.0242,500000
3.79498e-06,-8.78177e-09,3.7862e-06,0.000194807,37.9982,505000
3.79476e-06,-8.5623e-09,3.78619e-06,0.000194801,38.9723,510000
3.79454e-06,-8.35353e-09,3.78619e-06,0.000194796,39.9462,515000
3.79434e-06,-8.1547e-09,3.78618e-06,0.000194791,40.9202,520000
3.79414e-06,-7.96513e-09,3.78618e-06,0.000194786,41.8941,525000
3.79396e-06,-7.78417e-09,3.78617e-06,0.000194781,42.868,530000
3.79378e-06,-7.61126e-09,3.78617e-06,0.000194776,43.8419,535000
3.79361e-06,-7.44586e-09,3.78617e-06,0.000194772,44.8158,540000
3.79345e-06,-7.28751e-09,3.78616e-06,0.000194768,45.7896,545000
3.7933e-06,-7.13575e-09,3.78616e-06,0.000194764,46.7634,550000
3.79315e-06,-6.99018e-09,3.78616e-06,0.00019476,47.7372,555000
3.793e-06,-6.85044e-09,3.78615e-06,0.000194756,48.711,560000
3.79287e-06,-6.71618e-09,3.78615e-06,0.000194753,49.6848,565000
3.79274e-06,-6.58709e-09,3.78615e-06,0.000194749,50.6585,570000
3.79261e-06,-6.46286e-09,3.78615e-06,0.000194746,51.6322,575000
3.79249e-06,-6.34324e-09,3.78614e-06,0.000194743,52.606,580000
3.79237e-06,-6.22796e-09,3.78614e-06,0.00019474,53.5797,585000
3.79226e-06,-6.1168e-09,3.78614e-06,0.000194737,54.5533,590000
3.79215e-06,-6.00954e-09,3.78614e-06,0.000194734,55.527,595000
3.79204e-06,-5.90598e-09,3.78614e-06,0.000194732,56.5007,600000
3.79194e-06,-5.80593e-09,3.78613e-06,0.000194729,57.4743,605000
3.79184e-06,-5.70922e-09,3.78613e-06,0.000194727,58.448,610000
3.79175e-06,-5.61567e-09,3.78613e-06,0.000194724,59.4216,615000
3.79165e-06,-5.52514e-09,3.78613e-06,0.000194722,60.3952,620000
3.79157e-06,-5.43749e-09,3.78613e-06,0.000194719,61.3688,625000
3.79148e-06,-5.35257e-09,3.78613e-06,0.000194717,62.3424,630000
3.7914e-06,-5.27027e-09,3.78613e-06,0.000194715,63.3159,635000
3.79131e-06,-5.19046e-09,3.78612e-06,0.000194713,64.2895,640000
3.79124e-06,-5.11303e-09,3.78612e-06,0.000194711,65.2631,645000
3.79116e-06,-5.03788e-09,3.78612e-06,0.000194709,66.2366,650000
3.79109e-06,-4.96491e-09,3.78612e-06,0.000194707,67.2101,655000
3.79101e-06,-4.89402e-09,3.78612e-06,0.000194705,68.1837,660000
3.79094e-06,-4.82512e-09,3.78612e-06,0.000194703,69.1572,665000
3.79088e-06,-4.75814e-09,3.78612e-06,0.000194702,70.1307,670000
3.79081e-06,-4.693e-09,3.78612e-06,0.0001947,71.1042,675000
3.79075e-06,-4.62962e-09,3.78612e-06,0.000194698,72.0777,680000
3.79068e-06,-4.56792e-09,3.78612e-06,0.000194697,73.0512,685000
3.79062e-06,-4.50785e-09,3.78611e-06,0.000194695,74.0246,690000
3.79056e-06,-4.44934e-09,3.78611e-06,0.000194694,74.9981,695000
3.79051e-06,-4.39233e-09,3.78611e-06,0.000194692,75.9716,700000
3.79045e-06,-4.33676e-09,3.78611e-06,0.000194691,76.945,705000
3.79039e-06,-4.28258e-09,3.78611e-06,0.000194689,77.9185,710000
3.79034e-06,-4.22974e-09,3.78611e-06,0.000194688,78.8919,715000
3.79029e-06,-4.17818e-09,3.78611e-06,0.000194687,79.8654,720000
3.79024e-06,-4.12787e-09,3.78611e-06,0.000194685,80.8388,725000
3.79019e-06,-4.07876e-09,3.78611e-06,0.000194684,81.8122,730000
3.79014e-06,-4.0308e-09,3.78611e-06,0.000194683,82.7856,735000
3.79009e-06,-3.98395e-09,3.78611e-06,0.000194682,83.759,740000
3.79005e-06,-3.93819e-09,3.78611e-06,0.00019468,84.7324,745000
3.79e-06,-3.89346e-09,3.78611e-06,0.000194679,85.7058,750000
3.78996e-06,-3.84974e-09,3.78611e-06,0.000194678,86.6792,755000
3.78991e-06,-3.80698e-09,3.78611e-06,0.000194677,87.6526,760000
3.78987e-06,-3.76517e-09,3.78611e-06,0.000194676,88.626,765000
3.78983e-06,-3.72427e-09,3.78611e-06,0.000194675,89.5993,770000
3.78979e-06,-3.68424e-09,3.7861e-06,0.000194674,90.5727,775000
3.78975e-06,-3.64507e-09,3.7861e-06,0.000194673,91.5461,780000
3.78971e-06,-3.60672e-09,3.7861e-06,0.000194672,92.5194,785000
3.78967e-06,-3.56917e-09,3.7861e-06,0.000194671,93.4928,790000
3.78964e-06,-3.5324e-09,3.7861e-06,0.00019467,94.4661,795000
3.7896e-06,-3.49637e-09,3.7861e-06,0.000194669,95.4395,800000
3.78956e-06,-3.46107e-09,3.7861e-06,0.000194668,96.4128,805000
3.78953e-06,-3.42648e-09,3.7861e-06,0.000194667,97.3862,810000
3.78949e-06,-3.39258e-09,3.7861e-06,0.000194666,98.3595,815000
3.78946e-06,-3.35933e-09,3.7861e-06,0.000194665,99.3328,820000
3.78943e-06,-3.32674e-09,3.7861e-06,0.000194665,100.306,825000
3.7894e-06,-3.29476e-09,3.7861e-06,0.000194664,101.279,830000
3.78936e-06,-3.2634e-09,3.7861e-06,0.000194663,102.253,835000
3.78933e-06,-3.23263e-09,3.7861e-06,0.000194662,103.226,840000
3.7893e-06,-3.20244e-09,3.7861e-06,0.000194661,104.199,845000
3.78927e-06,-3.1728e-09,3.7861e-06,0.000194661,105.173,850000
3.78924e-06,-3.14371e-09,3.7861e-06,0.00019466,106.146,855000
3.78921e-06,-3.11514e-09,3.7861e-06,0.000194659,107.119,860000
3.78919e-06,-3.08709e-09,3.7861e-06,0.000194658,108.093,865000
3.78916e-06,-3.05955e-09,3.7861e-06,0.000194658,109.066,870000
3.78913e-06,-3.03248e-09,3.7861e-06,0.000194657,110.039,875000
3.7891e-06,-3.0059e-09,3.7861e-06,0.000194656,111.012,880000
3.78908e-06,-2.97977e-09,3.7861e-06,0.000194656,111.986,885000
3.78905e-06,-2.9541e-09,3.7861e-06,0.000194655,112.959,890000
3.78903e-06,-2.92886e-09,3.7861e-06,0.000194654,113.932,895000
3.789e-06,-2.90406e-09,3.7861e-06,0.000194654,114.906,900000
3.78898e-06,-2.87966e-09,3.7861e-06,0.000194653,115.879,905000
3.78895e-06,-2.85568e-09,3.7861e-06,0.000194652,116.852,910000
3.78893e-06,-2.83209e-09,3.7861e-06,0.000194652,117.825,915000
3.78891e-06,-2.80889e-09,3.7861e-06,0.000194651,118.799,920000
3.78888e-06,-2.78606e-09,3.7861e-06,0.000194651,119.772,925000
3.78886e-06,-2.76361e-09,3.7861e-06,0.00019465,120.745,930000
3.78884e-06,-2.74151e-09,3.7861e-06,0.000194649,121.718,935000
3.78882e-06,-2.71976e-09,3.7861e-06,0.000194649,122.692,940000
3.78879e-06,-2.69836e-09,3.7861e-06,0.000194648,123.665,945000
3.78877e-06,-2.67729e-09,3.7861e-06,0.000194648,124.638,950000
3.78875e-06,-2.65654e-09,3.7861e-06,0.000194647,125.611,955000
3.78873e-06,-2.63612e-09,3.7861e-06,0.000194647,126.585,960000
3.78871e-06,-2.61601e-09,3.78609e-06,0.000194646,127.558,965000
3.78869e-06,-2.5962e-09,3.78609e-06,0.000194646,128.531,970000
3.78867e-06,-2.57669e-09,3.78609e-06,0.000194645,129.504,975000
3.78865e-06,-2.55747e-09,3.78609e-06,0.000194645,130.477,980000
3.78863e-06,-2.53853e-09,3.78609e-06,0.000194644,131.451,985000
3.78861e-06,-2.51988e-09,3.78609e-06,0.000194644,132.424,990000
3.7886e-06,-2.50149e-09,3.78609e-06,0.000194643,133.397,995000
3.78858e-06,-2.48338e-09,3.78609e-06,0.000194643,134.37,1e+06
3.78856e-06,-2.46552e-09,3.78609e-06,0.000194642,135.343,1.005e+06
3.78854e-06,-2.44792e-09,3.78609e-06,0.000194642,136.317,1.01e+06
3.78852e-06,-2.43056e-09,3.78609e-06,0.000194641,137.29,1.015e+06
3.78851e-06,-2.41346e-09,3.78609e-06,0.000194641,138.263,1.02e+06
3.78849e-06,-2.39659e-09,3.78609e-06,0.00019464,139.236,1.025e+06
3.78847e-06,-2.37995e-09,3.78609e-06,0.00019464,140.21,1.03e+06
3.78846e-06,-2.36355e-09,3.78609e-06,0.00019464,141.183,1.035e+06
3.78844e-06,-2.34737e-09,3.78609e-06,0.000194639,142.156,1.04e+06
3.78842e-06,-2.33141e-09,3.78609e-06,0.000194639,143.129,1.045e+06
3.78841e-06,-2.31566e-09,3.78609e-06,0.000194638,144.102,1.05e+06
3.78839e-06,-2.30013e-09,3.78609e-06,0.000194638,145.075,1.055e+06
3.78838e-06,-2.2848e-09,3.78609e-06,0.000194638,146.049,1.06e+06
3.78836e-06,-2.26968e-09,3.78609e-06,0.000194637,147.022,1.065e+06
3.78835e-06,-2.25475e-09,3.78609e-06,0.000194637,147.995,1.07e+06
3.78833e-06,-2.24002e-09,3.78609e-06,0.000194636,148.968,1.075e+06
3.78832e-06,-2.22548e-09,3.78609e-06,0.000194636,149.941,1.08e+06
3.7883e-06,-2.21113e-09,3.78609e-06,0.000194636,150.915,1.085e+06
3.78829e-06,-2.19696e-09,3.78609e-06,0.000194635,151.888,1.09e+06
3.78827e-06,-2.18298e-09,3.78609e-06,0.000194635,152.861,1.095e+06
3.78826e-06,-2.16917e-09,3.78609e-06,0.000194635,153.834,1.1e+06
3.78825e-06,-2.15553e-09,3.78609e-06,0.000194634,154.807,1.105e+06
3.78823e-06,-2.14207e-09,3.78609e-06,0.000194634,155.78,1.11e+06
3.78822e-06,-2.12877e-09,3.78609e-06,0.000194634,156.754,1.115e+06
3.78821e-06,-2.11563e-09,3.78609e-06,0.000194633,157.727,1.12e+06
3.78819e-06,-2.10266e-09,3.78609e-06,0.000194633,158.7,1.125e+06
3.78818e-06,-2.08984e-09,3.78609e-06,0.000194633,159.673,1.13e+06
3.78817e-06,-2.07718e-09,3.78609e-06,0.000194632,160.646,1.135e+06
3.78816e-06,-2.06468e-09,3.78609e-06,0.000194632,161.619,1.14e+06
3.78814e-06,-2.05232e-09,3.78609e-06,0.000194632,162.593,1.145e+06
3.78813e-06,-2.04011e-09,3.78609e-06,0.000194631,163.566,1.15e+06
3.78812e-06,-2.02804e-09,3.78609e-06,0.000194631,164.539,1.155e+06
3.78811e-06,-2.01612e-09,3.78609e-06,0.000194631,165.512,1.16e+06
3.7881e-06,-2.00433e-09,3.78609e-06,0.00019463,166.485,1.165e+06
3.78808e-06,-1.99269e-09,3.78609e-06,0.00019463,167.458,1.17e+06
3.78807e-06,-1.98117e-09,3.78609e-06,0.00019463,168.431,1.175e+06
3.78806e-06,-1.96979e-09,3.78609e-06,0.000194629,169.405,1.18e+06
3.78805e-06,-1.95854e-09,3.78609e-06,0.000194629,170.378,1.185e+06
3.78804e-06,-1.94742e-09,3.78609e-06,0.000194629,171.351,1.19e+06
3.78803e-06,-1.93642e-09,3.78609e-06,0.000194629,172.324,1.195e+06
3.78802e-06,-1.92555e-09,3.78609e-06,0.000194628,173.297,1.2e+06
3.78801e-06,-1.91479e-09,3.78609e-06,0.000194628,174.27,1.205e+06
3.78799e-06,-1.90416e-09,3.78609e-06,0.000194628,175.243,1.21e+06
3.78798e-06,-1.89365e-09,3.78609e-06,0.000194627,176.217,1.215e+06
3.78797e-06,-1.88325e-09,3.78609e-06,0.000194627,177.19,1.22e+06
3.78796e-06,-1.87296e-09,3.78609e-06,0.000194627,178.163,1.225e+06
3.78795e-06,-1.86279e-09,3.78609e-06,0.000194627,179.136,1.23e+06
3.78794e-06,-1.85272e-09,3.78609e-06,0.000194626,180.109,1.235e+06
3.78793e-06,-1.84276e-09,3.78609e-06,0.000194626,181.082,1.24e+06
3.78792e-06,-1.83291e-09,3.78609e-06,0.000194626,182.055,1.245e+06
3.78791e-06,-1.82317e-09,3.78609e-06,0.000194626,183.029,1.25e+06
3.7879e-06,-1.81353e-09,3.78609e-06,0.000194625,184.002,1.255e+06
3.78789e-06,-1.80399e-09,3.78609e-06,0.000194625,184.975,1.26e+06
3.78788e-06,-1.79455e-09,3.78609e-06,0.000194625,185.948,1.265e+06
3.78787e-06,-1.7852e-09,3.78609e-06,0.000194625,186.921,1.27e+06
3.78787e-06,-1.77596e-09,3.78609e-06,0.000194624,187.894,1.275e+06
3.78786e-06,-1.76681e-09,3.78609e-06,0.000194624,188.867,1.28e+06
3.78785e-06,-1.75775e-09,3.78609e-06,0.000194624,189.84,1.285e+06
3.78784e-06,-1.74879e-09,3.78609e-06,0.000194624,190.814,1.29e+06
3.78783e-06,-1.73991e-09,3.78609e-06,0.000194623,191.787,1.295e+06
3.78782e-06,-1.73113e-09,3.78609e-06,0.000194623,192.76,1.3e+06
3.78781e-06,-1.72243e-09,3.78609e-06,0.000194623,193.733,1.305e+06
3.7878e-06,-1.71382e-09,3.78609e-06,0.000194623,194.706,1.31e+06
3.78779e-06,-1.7053e-09,3.78609e-06,0.000194623,195.679,1.315e+06
3.78779e-06,-1.69686e-09,3.78609e-06,0.000194622,196.652,1.32e+06
3.78778e-06,-1.68851e-09,3.78609e-06,0.000194622,197.625,1.325e+06
3.78777e-06,-1.68023e-09,3.78609e-06,0.000194622,198.598,1.33e+06
3.78776e-06,-1.67204e-09,3.78609e-06,0.000194622,199.572,1.335e+06
3.78775e-06,-1.66393e-09,3.78609e-06,0.000194622,200.545,1.34e+06
3.78774e-06,-1.65589e-09,3.78609e-06,0.000194621,201.518,1.345e+06
3.78774e-06,-1.64794e-09,3.78609e-06,0.000194621,202.491,1.35e+06
3.78773e-06,-1.64005e-09,3.78609e-06,0.000194621,203.464,1.355e+06
3.78772e-06,-1.63225e-09,3.78609e-06,0.000194621,204.437,1.36e+06
3.78771e-06,-1.62452e-09,3.78609e-06,0.00019462,205.41,1.365e+06
3.78771e-06,-1.61686e-09,3.78609e-06,0.00019462,206.383,1.37e+06
3.7877e-06,-1.60927e-09,3.78609e-06,0.00019462,207.356,1.375e+06
3.78769e-06,-1.60175e-09,3.78609e-06,0.00019462,208.329,1.38e+06
3.78768e-06,-1.5943e-09,3.78609e-06,0.00019462,209.303,1.385e+06
3.78768e-06,-1.58693e-09,3.78609e-06,0.00019462,210.276,1.39e+06
3.78767e-06,-1.57962e-09,3.78609e-06,0.000194619,211.249,1.395e+06
3.78766e-06,-1.57237e-09,3.78609e-06,0.000194619,212.222,1.4e+06
3.78765e-06,-1.5652e-09,3.78609e-06,0.000194619,213.195,1.405e+06
3.78765e-06,-1.55808e-09,3.78609e-06,0.000194619,214.168,1.41e+06
3.78764e-06,-1.55104e-09,3.78609e-06,0.000194619,215.141,1.415e+06
3.78763e-06,-1.54405e-09,3.78609e-06,0.000194618,216.114,1.42e+06
3.78763e-06,-1.53713e-09,3.78609e-06,0.000194618,217.087,1.425e+06
3.78762e-06,-1.53027e-09,3.78609e-06,0.000194618,218.06,1.43e+06
3.78761e-06,-1.52347e-09,3.78609e-06,0.000194618,219.034,1.435e+06
3.7876e-06,-1.51674e-09,3.78609e-06,0.000194618,220.007,1.44e+06
3.7876e-06,-1.51006e-09,3.78609e-06,0.000194618,220.98,1.445e+06
3.78759e-06,-1.50344e-09,3.78609e-06,0.000194617,221.953,1.45e+06
3.78759e-06,-1.49687e-09,3.78609e-06,0.000194617,222.926,1.455e+06
3.78758e-06,-1.49037e-09,3.78609e-06,0.000194617,223.899,1.46e+06
3.78757e-06,-1.48392e-09,3.78609e-06,0.000194617,224.872,1.465e+06
